
***** GLOBAL STATISTICS (  1800 MPI TASKS) *****

$Id: gptl.c,v 1.157 2011-03-28 20:55:18 rosinski Exp $
'count' is cumulative. All other stats are max/min
'on' indicates whether the timer was active during output, and so stats are lower or upper bounds.

name                                        on  processes  threads        count      walltotal   wallmax (proc   thrd  )   wallmin (proc   thrd  )
"CPL:INIT"                                   -       1800     1800 1.800000e+03   2.454906e+05   136.580 (  1200      0)   136.081 (   129      0)
"CPL:cime_pre_init1"                         -       1800     1800 1.800000e+03   7.111201e+03     4.147 (  1217      0)     3.649 (   119      0)
"CPL:mpi_init"                               -       1800     1800 1.800000e+03   5.952869e+03     3.892 (  1208      0)     2.287 (    22      0)
"CPL:ESMF_Initialize"                        -       1800     1800 1.800000e+03   1.250252e-01     0.001 (   335      0)     0.000 (  1152      0)
"CPL:cime_pre_init2"                         -       1800     1800 1.800000e+03   8.440567e+03     4.713 (  1296      0)     4.680 (   141      0)
"CPL:seq_infodata_init"                      -       1800     1800 1.800000e+03   5.664761e+01     0.037 (  1780      0)     0.027 (   362      0)
"PIO:openfile"                               -       1800     1800 3.960000e+04   8.308201e+02     0.473 (  1532      0)     0.403 (  1697      0)
"PIO:get_att_file_vid_0d_text"               -       1800     1800 3.240000e+04   2.098085e+00     0.002 (    18      0)     0.001 (     0      0)
"PIO:PIOc_get_att_tc"                        -       1800     1800 3.240000e+04   1.774157e+00     0.002 (    26      0)     0.001 (     0      0)
"PIO:pio_inq_varid_file_vdesc"               -       1800     1800 5.076000e+05   1.390718e+02     0.462 (  1292      0)     0.003 (   288      0)
"PIO:pio_inq_varid_file_vid"                 -       1800     1800 5.076000e+05   1.389398e+02     0.462 (  1292      0)     0.003 (   288      0)
"PIO:get_var_1d_double"                      -       1800     1800 7.200000e+03   2.659576e+00     0.002 (  1071      0)     0.001 (   256      0)
"PIO:PIOc_get_vars_tc"                       -       1800     1800 2.340000e+04   8.348514e+00     0.005 (    30      0)     0.004 (  1768      0)
"PIO:get_var_0d_text"                        -       1800     1800 1.800000e+03   5.742210e-01     0.001 (  1369      0)     0.000 (  1765      0)
"CPL:seq_timemgr_clockInit"                  -       1800     1800 1.800000e+03   7.814114e+03     4.648 (   166      0)     4.167 (   395      0)
"PIO:get_var_1d_int"                         -       1800     1800 1.440000e+04   6.467066e+00     0.004 (   432      0)     0.003 (  1605      0)
"PIO:closefile"                              -       1800     1800 3.960000e+04   2.867202e+01     1.320 (     0      0)     0.002 (  1221      0)
"PIO:PIOc_closefile"                         -       1800     1800 3.960000e+04   2.860988e+01     1.320 (     0      0)     0.002 (  1221      0)
"CPL:cime_init"                              -       1800     1800 1.800000e+03   2.299387e+05   127.752 (  1637      0)   127.719 (   144      0)
"CPL:init_comps"                             -       1800     1800 1.800000e+03   1.709268e+05    94.984 (  1170      0)    94.932 (   828      0)
"CPL:comp_init_pre_all"                      -       1800     1800 1.800000e+03   1.127065e-01     0.000 (  1633      0)     0.000 (   143      0)
"CPL:comp_init_cc_atm"                       -       1800     1800 1.800000e+03   8.691937e+03     4.838 (  1551      0)     4.804 (   216      0)
"a_i:comp_init"                              -       1800     1800 1.800000e+03   8.648569e+03     4.806 (  1668      0)     4.804 (   221      0)
"a_i:datm_readnml"                           -       1800     1800 1.800000e+03   1.210643e+03     0.673 (   937      0)     0.671 (   495      0)
"a_i:DATM_INIT"                              -       1800     1800 1.800000e+03   7.436653e+03     4.133 (  1568      0)     4.130 (   221      0)
"a_i:datm_strdata_init"                      -       1800     1800 1.800000e+03   5.590318e+03     3.107 (     0      0)     3.106 (  1461      0)
"a_i:PIO:initdecomp"                         -       1800     1800 5.400000e+04   1.527235e+02     0.093 (    21      0)     0.077 (  1791      0)
"a_i:PIO:PIOc_initdecomp"                    -       1800     1800 5.400000e+04   1.525684e+02     0.093 (    21      0)     0.077 (  1791      0)
"a_i:PIO:box_rearrange_create"               -       1800     1800 5.400000e+04   1.359132e+02     0.077 (   324      0)     0.075 (  1170      0)
"a_i:PIO:pio_swapm"                          -       1800     1800 2.448000e+05   3.067958e+02     0.182 (  1610      0)     0.059 (     0      0)
"a_i:datm_initgsmaps"                        -       1800     1800 1.800000e+03   5.021882e-01     0.001 (  1697      0)     0.000 (   279      0)
"a_i:datm_initmctdom"                        -       1800     1800 1.800000e+03   1.596659e-01     0.000 (    49      0)     0.000 (  1145      0)
"a_i:datm_initmctavs"                        -       1800     1800 1.800000e+03   4.071420e-01     0.000 (  1173      0)     0.000 (  1376      0)
"a_i:DATM_RUN"                               -       1800     1800 1.800000e+03   1.830575e+03     1.019 (  1568      0)     0.994 (     0      0)
"a_i:datm_run1"                              -       1800     1800 1.800000e+03   3.117678e-02     0.000 (  1017      0)     0.000 (  1197      0)
"a_i:datm"                                   -       1800     1800 1.800000e+03   1.830530e+03     1.019 (  1568      0)     0.994 (     0      0)
"a_i:datm_strdata_advance"                   -       1800     1800 1.800000e+03   1.829593e+03     1.017 (  1576      0)     0.993 (     0      0)
"a_i:datm_strd_adv_total"                    -       1800     1800 1.800000e+03   1.829558e+03     1.017 (  1576      0)     0.993 (     0      0)
"a_i:datm_strd_adv_readLBUB"                 -       1800     1800 1.800000e+04   1.825103e+03     1.014 (  1727      0)     0.991 (     0      0)
"a_i:datm_readLBUB_setup"                    -       1800     1800 1.800000e+04   3.231949e-02     0.000 (  1705      0)     0.000 (  1320      0)
"a_i:datm_readLBUB_fbound"                   -       1800     1800 1.800000e+04   2.493374e-03     0.000 (     0      0)     0.000 (   349      0)
"a_i:datm_readLBUB_bcast"                    -       1800     1800 1.800000e+04   4.508009e+01     0.027 (    37      0)     0.000 (     0      0)
"a_i:datm_readLBUB_LB_setup"                 -       1800     1800 1.800000e+04   8.620790e-03     0.005 (     0      0)     0.000 (   754      0)
"a_i:datm_readLBUB_LB_readpio"               -       1800     1800 1.800000e+04   1.455623e+03     0.811 (  1795      0)     0.806 (    37      0)
"a_i:PIO:openfile"                           -       1800     1800 2.160000e+04   1.544778e+03     0.859 (   362      0)     0.857 (  1116      0)
"a_i:PIO:pio_inq_varid_file_vdesc"           -       1800     1800 1.188000e+05   1.697108e+00     0.001 (    34      0)     0.000 (     0      0)
"a_i:PIO:pio_inq_varid_file_vid"             -       1800     1800 1.188000e+05   1.654201e+00     0.001 (    34      0)     0.000 (     0      0)
"a_i:PIO:pio_inq_varndims_file_vdesc"        -       1800     1800 3.600000e+04   5.017208e-01     0.000 (  1745      0)     0.000 (  1794      0)
"a_i:PIO:pio_inq_varndims_file_vid"          -       1800     1800 3.600000e+04   4.834061e-01     0.000 (  1745      0)     0.000 (  1794      0)
"a_i:PIO:pio_inq_vardimid_file_vdesc"        -       1800     1800 3.600000e+04   1.247975e+00     0.001 (   326      0)     0.001 (  1727      0)
"a_i:PIO:pio_inq_vardimid_file_vid"          -       1800     1800 3.600000e+04   1.227527e+00     0.001 (   326      0)     0.001 (  1727      0)
"a_i:PIO:pio_inq_dimlen_file_dimid"          -       1800     1800 1.080000e+05   5.895976e-01     0.000 (   885      0)     0.000 (  1794      0)
"a_i:PIO:pio_inq_dimlen_file_dimid_offlen"   -       1800     1800 1.080000e+05   5.572421e-01     0.000 (   885      0)     0.000 (  1794      0)
"a_i:PIO:pio_inq_vartype_file_vdesc"         -       1800     1800 8.280000e+04   9.519774e-01     0.001 (  1269      0)     0.000 (     4      0)
"a_i:PIO:pio_inq_vartype_file_vid"           -       1800     1800 8.280000e+04   9.251434e-01     0.001 (  1269      0)     0.000 (   313      0)
"a_i:PIO:read_darray_1d_real"                -       1800     1800 7.920000e+04   2.076411e+02     0.121 (  1795      0)     0.109 (    37      0)
"a_i:PIO:PIOc_read_darray"                   -       1800     1800 8.280000e+04   2.087555e+02     0.122 (  1764      0)     0.109 (    44      0)
"a_i:PIO:read_darray_nc_serial"              -       1800     1800 8.280000e+04   5.556091e+00     0.117 (     0      0)     0.000 (   345      0)
"a_i:PIO:rearrange_io2comp"                  -       1800     1800 8.280000e+04   1.991365e+02     0.120 (  1794      0)     0.003 (   972      0)
"a_i:datm_readLBUB_UB_setup"                 -       1800     1800 1.800000e+04   8.917217e-03     0.001 (     0      0)     0.000 (    61      0)
"a_i:datm_readLBUB_UB_readpio"               -       1800     1800 1.800000e+04   3.239141e+02     0.181 (    39      0)     0.178 (     0      0)
"a_i:PIO:closefile"                          -       1800     1800 3.600000e+03   7.900470e-01     0.002 (  1116      0)     0.000 (    63      0)
"a_i:PIO:PIOc_closefile"                     -       1800     1800 3.600000e+03   7.848204e-01     0.002 (  1116      0)     0.000 (    63      0)
"a_i:datm_readLBUB_filemgt"                  -       1800     1800 1.800000e+04   3.371885e-03     0.000 (     0      0)     0.000 (    98      0)
"a_i:PIO:read_darray_1d_double"              -       1800     1800 3.600000e+03   1.249422e+00     0.001 (  1786      0)     0.000 (    44      0)
"a_i:datm_strd_adv_fill"                     -       1800     1800 1.800000e+04   7.998094e-01     0.001 (   144      0)     0.000 (     0      0)
"a_i:datm_strd_adv_rearr"                    -       1800     1800 1.440000e+04   4.138736e-01     0.000 (  1235      0)     0.000 (  1185      0)
"a_i:datm_strd_adv_map"                      -       1800     1800 3.600000e+03   2.335693e+00     0.002 (  1559      0)     0.001 (   221      0)
"a_i:datm_strd_adv_tint"                     -       1800     1800 1.620000e+04   1.204769e-01     0.000 (  1349      0)     0.000 (     0      0)
"a_i:datm_strd_adv_coszen"                   -       1800     1800 1.800000e+03   4.363349e-01     0.000 (  1638      0)     0.000 (  1766      0)
"a_i:datm_strd_adv_coszenC"                  -       1800     1800 1.800000e+03   2.759886e-01     0.000 (  1638      0)     0.000 (  1766      0)
"a_i:datm_strd_adv_coszenN"                  -       1800     1800 1.800000e+03   1.304570e-01     0.000 (  1575      0)     0.000 (  1420      0)
"a_i:datm_scatter"                           -       1800     1800 1.800000e+03   8.769564e-01     0.001 (   710      0)     0.000 (   376      0)
"a_i:datm_datamode"                          -       1800     1800 1.800000e+03   4.290282e-02     0.000 (   675      0)     0.000 (  1426      0)
"a_i:datm_run2"                              -       1800     1800 1.800000e+03   8.617716e-03     0.000 (   283      0)     0.000 (   401      0)
"CPL:comp_init_cc_lnd"                       -       1800     1800 1.800000e+03   7.810009e+04    43.535 (   247      0)    43.139 (   545      0)
"l_i:comp_init"                              -       1800     1800 1.800000e+03   7.791018e+04    43.535 (   216      0)    43.137 (  1568      0)
"l_i:elm_init1"                              -       1800     1800 1.800000e+03   1.582027e+04     8.796 (    30      0)     8.784 (  1669      0)
"l_i:PIO:openfile"                           -       1800     1800 4.500000e+04   1.857646e+03     1.107 (  1726      0)     0.620 (  1614      0)
"l_i:PIO:pio_inq_dimid_file_dimid"           -       1800     1800 1.152000e+05   1.670264e+00     0.002 (  1412      0)     0.000 (   648      0)
"l_i:PIO:pio_inq_dimlen_file_dimid"          -       1800     1800 7.830000e+05   2.999674e+00     0.003 (   110      0)     0.001 (   534      0)
"l_i:PIO:pio_inq_dimlen_file_dimid_offlen"   -       1800     1800 7.830000e+05   2.777870e+00     0.002 (   110      0)     0.001 (   534      0)
"l_i:PIO:pio_inq_varid_file_vdesc"           -       1800     1800 8.802000e+05   2.577729e+02     0.253 (   556      0)     0.089 (   257      0)
"l_i:PIO:pio_inq_varid_file_vid"             -       1800     1800 8.802000e+05   1.689228e+02     0.222 (   440      0)     0.005 (     0      0)
"l_i:PIO:get_var_2d_int"                     -       1800     1800 1.800000e+03   7.277196e+00     0.005 (     0      0)     0.002 (  1599      0)
"l_i:PIO:PIOc_get_vars_tc"                   -       1800     1800 4.204800e+06   3.166643e+03     1.813 (    24      0)     1.660 (     0      0)
"l_i:PIO:closefile"                          -       1800     1800 3.960000e+04   8.966584e+00     0.111 (   108      0)     0.003 (   896      0)
"l_i:PIO:PIOc_closefile"                     -       1800     1800 3.960000e+04   8.908898e+00     0.111 (   108      0)     0.002 (   896      0)
"l_i:PIO:pio_inq_varndims_file_vdesc"        -       1800     1800 4.086000e+05   3.671598e+00     0.005 (  1083      0)     0.001 (   256      0)
"l_i:PIO:pio_inq_varndims_file_vid"          -       1800     1800 4.086000e+05   3.536306e+00     0.005 (  1083      0)     0.001 (   256      0)
"l_i:PIO:pio_inq_vardimid_file_vdesc"        -       1800     1800 4.086000e+05   7.886018e+00     0.018 (  1728      0)     0.002 (   259      0)
"l_i:PIO:pio_inq_vardimid_file_vid"          -       1800     1800 4.086000e+05   7.758602e+00     0.018 (  1728      0)     0.002 (   259      0)
"l_i:PIO:pio_inq_dimname_file_dimid"         -       1800     1800 1.755000e+06   1.324222e+01     0.087 (   471      0)     0.003 (   459      0)
"l_i:PIO:initdecomp"                         -       1800     1800 4.680000e+04   3.489536e+02     0.202 (    31      0)     0.181 (  1732      0)
"l_i:PIO:PIOc_initdecomp"                    -       1800     1800 4.680000e+04   3.483514e+02     0.202 (    27      0)     0.180 (  1742      0)
"l_i:PIO:box_rearrange_create"               -       1800     1800 4.680000e+04   2.943187e+02     0.164 (    31      0)     0.162 (   689      0)
"l_i:PIO:pio_swapm"                          -       1800     1800 5.454000e+05   6.957471e+04    39.137 (   463      0)    20.862 (   828      0)
"l_i:PIO:read_darray_1d_double"              -       1800     1800 1.476000e+05   3.088584e+04    17.176 (   261      0)    17.053 (   680      0)
"l_i:PIO:PIOc_read_darray"                   -       1800     1800 4.050000e+05   7.017203e+04    39.015 (  1584      0)    38.883 (  1536      0)
"l_i:PIO:read_darray_nc"                     -       1800     1800 4.050000e+05   8.081170e+02    18.242 (   828      0)     0.000 (  1248      0)
"l_i:PIO:rearrange_io2comp"                  -       1800     1800 4.050000e+05   6.933376e+04    39.001 (   259      0)    20.747 (   828      0)
"l_i:PIO:pio_inquire_file"                   -       1800     1800 6.750000e+05   3.203672e+00     0.014 (   725      0)     0.001 (   530      0)
"l_i:PIO:pio_inq_ndims_file"                 -       1800     1800 6.750000e+05   3.016913e+00     0.013 (   725      0)     0.001 (   532      0)
"l_i:PIO:get_var_2d_double"                  -       1800     1800 2.520000e+04   1.886133e+01     0.012 (   880      0)     0.008 (    35      0)
"l_i:PIO:read_darray_1d_int"                 -       1800     1800 1.260000e+04   3.473448e+03     1.933 (   923      0)     1.929 (    60      0)
"l_i:PIO:read_darray_3d_double"              -       1800     1800 3.240000e+04   4.156120e+03     2.311 (  1188      0)     2.298 (   752      0)
"l_i:PIO:read_darray_3d_int"                 -       1800     1800 1.800000e+03   7.189559e+02     0.400 (   396      0)     0.399 (  1598      0)
"l_i:PIO:read_darray_4d_double"              -       1800     1800 2.520000e+04   4.381126e+03     2.435 (  1757      0)     2.430 (  1403      0)
"l_i:PIO:get_var_1d_text"                    -       1800     1800 1.080000e+04   1.280696e+02     0.112 (  1633      0)     0.004 (   486      0)
"l_i:PIO:get_var_1d_double"                  -       1800     1800 2.592000e+05   2.986414e+01     0.018 (     0      0)     0.016 (   760      0)
"l_i:PIO:get_var_1d_int"                     -       1800     1800 1.260000e+04   1.581308e+00     0.002 (   213      0)     0.001 (  1411      0)
"l_i:PIO:get_var_0d_double"                  -       1800     1800 1.980000e+04   1.692925e+00     0.002 (   198      0)     0.001 (   428      0)
"l_i:PIO:read_darray_2d_double"              -       1800     1800 1.782000e+05   2.632657e+04    14.644 (   643      0)    14.522 (  1541      0)
"l_i:PIO:read_darray_2d_int"                 -       1800     1800 7.200000e+03   2.310969e+02     0.129 (  1625      0)     0.124 (  1771      0)
"l_i:gather_1darray_int_total"               -       1800     1800 9.000000e+03   3.577943e+01     0.032 (     0      0)     0.015 (    12      0)
"l_i:scatter_1darray_int_total"              -       1800     1800 9.000000e+03   3.663112e+01     0.025 (    21      0)     0.007 (     0      0)
"l_i:init_filters"                           -       1800     1800 1.800000e+03   3.092859e-01     0.001 (  1601      0)     0.000 (   295      0)
"l_i:elm_init2"                              -       1800     1800 1.800000e+03   6.180615e+04    34.339 (   762      0)    34.336 (  1019      0)
"l_i:PIO:get_var_0d_int"                     -       1800     1800 6.660000e+04   4.245188e+01     0.120 (     0      0)     0.013 (   680      0)
"l_i:init_orbd"                              -       1800     1800 1.800000e+03   7.532828e-02     0.002 (    18      0)     0.000 (    26      0)
"l_i:PIO:get_var_3d_double"                  -       1800     1800 7.200000e+03   1.341283e+00     0.001 (   572      0)     0.000 (  1263      0)
"l_i:init_accflds"                           -       1800     1800 1.800000e+03   3.685053e-01     0.001 (  1600      0)     0.000 (   273      0)
"l_i:init_dyn_subgrid"                       -       1800     1800 1.800000e+03   6.581736e-01     0.002 (  1584      0)     0.000 (  1245      0)
"l_i:subgridRest_write-read"                 -       1800     1800 1.800000e+03   4.917751e+03     2.734 (   817      0)     2.730 (   146      0)
"l_i:PIO:get_var1_text"                      -       1800     1800 3.801600e+06   3.254210e+03     1.840 (   257      0)     1.700 (  1512      0)
"l_i:init_elm_interface_data & pflotran"     -       1800     1800 1.800000e+03   3.618586e-04     0.000 (   745      0)     0.000 (   681      0)
"l_i:init_wlog"                              -       1800     1800 1.800000e+03   2.758848e-04     0.000 (     0      0)     0.000 (   415      0)
"l_i:elm_init3"                              -       1800     1800 1.800000e+03   2.607603e+02     0.395 (   242      0)     0.000 (  1563      0)
"CPL:comp_init_cc_rof"                       -       1800     1800 1.800000e+03   9.657415e+03     5.615 (   512      0)     5.220 (   226      0)
"r_i:comp_init"                              -       1800     1800 1.800000e+03   9.656789e+03     5.614 (   997      0)     5.220 (   226      0)
"r_i:PIO:openfile"                           -       1800     1800 9.000000e+03   1.205408e+03     1.017 (   604      0)     0.223 (   756      0)
"r_i:PIO:pio_inq_varid_file_vdesc"           -       1800     1800 1.566000e+05   1.956591e+01     0.035 (   927      0)     0.001 (   273      0)
"r_i:PIO:pio_inq_varid_file_vid"             -       1800     1800 1.566000e+05   1.908876e+01     0.035 (   927      0)     0.001 (   273      0)
"r_i:PIO:get_var_0d_int"                     -       1800     1800 2.520000e+04   3.655827e+01     0.022 (     0      0)     0.014 (   138      0)
"r_i:PIO:PIOc_get_vars_tc"                   -       1800     1800 2.376000e+05   7.924060e+01     0.046 (   232      0)     0.037 (   138      0)
"r_i:PIO:closefile"                          -       1800     1800 9.000000e+03   1.552994e+01     0.192 (   684      0)     0.001 (   430      0)
"r_i:PIO:PIOc_closefile"                     -       1800     1800 9.000000e+03   1.551472e+01     0.192 (   684      0)     0.001 (   430      0)
"r_i:mosarti_grid"                           -       1800     1800 1.800000e+03   4.665794e+02     0.278 (  1654      0)     0.067 (   981      0)
"r_i:PIO:pio_inq_dimid_file_dimid"           -       1800     1800 1.620000e+04   1.350334e-01     0.000 (  1473      0)     0.000 (   534      0)
"r_i:PIO:pio_inq_dimlen_file_dimid"          -       1800     1800 1.404000e+05   8.154942e-01     0.001 (   153      0)     0.000 (   528      0)
"r_i:PIO:pio_inq_dimlen_file_dimid_offlen"   -       1800     1800 1.404000e+05   7.759834e-01     0.001 (   153      0)     0.000 (   528      0)
"r_i:PIO:get_var_2d_double"                  -       1800     1800 5.400000e+03   1.829052e+01     0.012 (  1788      0)     0.008 (    23      0)
"r_i:PIO:get_var_2d_int"                     -       1800     1800 3.600000e+03   1.117714e+01     0.007 (  1633      0)     0.004 (  1770      0)
"r_i:mosarti_decomp"                         -       1800     1800 1.800000e+03   2.579727e+01     0.023 (  1728      0)     0.014 (  1430      0)
"r_i:mosarti_dec_basins"                     -       1800     1800 1.800000e+03   1.264976e+01     0.014 (  1728      0)     0.006 (  1552      0)
"r_i:mosarti_dec_distr"                      -       1800     1800 1.800000e+03   6.844710e+00     0.004 (   165      0)     0.004 (   687      0)
"r_i:mosarti_print"                          -       1800     1800 1.800000e+03   2.929284e+01     0.018 (   988      0)     0.007 (  1728      0)
"r_i:mosarti_vars"                           -       1800     1800 1.800000e+03   7.163131e+02     0.399 (   109      0)     0.398 (  1338      0)
"r_i:mosarti_mosart_init"                    y          0        0 0.000000e+00   0.000000e+00     0.000 (     0      0)     0.000 (     0      0)
"r_i:PIO:pio_inq_vardimid_file_vdesc"        -       1800     1800 6.660000e+04   1.033593e+00     0.001 (   180      0)     0.000 (   262      0)
"r_i:PIO:pio_inq_vardimid_file_vid"          -       1800     1800 6.660000e+04   1.011411e+00     0.001 (   198      0)     0.000 (   262      0)
"r_i:PIO:initdecomp"                         -       1800     1800 5.400000e+03   2.035623e+01     0.012 (    14      0)     0.011 (   827      0)
"r_i:PIO:PIOc_initdecomp"                    -       1800     1800 5.400000e+03   2.033223e+01     0.012 (    14      0)     0.011 (   827      0)
"r_i:PIO:box_rearrange_create"               -       1800     1800 5.400000e+03   1.878973e+01     0.011 (    30      0)     0.010 (  1558      0)
"r_i:PIO:pio_swapm"                          -       1800     1800 1.134000e+05   5.258635e+03     3.382 (    23      0)     1.081 (  1764      0)
"r_i:PIO:read_darray_1d_double"              -       1800     1800 9.180000e+04   5.498180e+03     3.065 (   280      0)     3.030 (   924      0)
"r_i:PIO:PIOc_read_darray"                   -       1800     1800 9.720000e+04   6.349747e+03     3.539 (   280      0)     3.503 (   924      0)
"r_i:PIO:read_darray_nc"                     -       1800     1800 9.720000e+04   1.083492e+03     2.450 (  1764      0)     0.156 (    23      0)
"r_i:PIO:rearrange_io2comp"                  -       1800     1800 9.720000e+04   5.242936e+03     3.374 (    23      0)     1.073 (  1764      0)
"r_i:PIO:read_darray_1d_int"                 -       1800     1800 5.400000e+03   8.518116e+02     0.474 (   108      0)     0.473 (   882      0)
"r_i:PIO:freedecomp"                         -       1800     1800 3.600000e+03   5.481621e-01     0.008 (   430      0)     0.000 (  1503      0)
"r_i:PIO:PIOc_sync"                          -       1800     1800 3.600000e+03   3.264047e-01     0.003 (  1723      0)     0.000 (   405      0)
"r_i:PIO:PIOc_freedecomp"                    -       1800     1800 3.600000e+03   1.958367e-01     0.008 (   430      0)     0.000 (  1613      0)
"r_i:mosarti_restart"                        -       1800     1800 1.800000e+03   4.723697e+03     2.632 (    59      0)     2.608 (    66      0)
"r_i:PIO:pio_inq_varndims_file_vdesc"        -       1800     1800 6.480000e+04   5.292178e-01     0.000 (   105      0)     0.000 (   285      0)
"r_i:PIO:pio_inq_varndims_file_vid"          -       1800     1800 6.480000e+04   5.095989e-01     0.000 (   105      0)     0.000 (   285      0)
"r_i:PIO:pio_inq_vartype_file_vdesc"         -       1800     1800 6.480000e+04   4.436362e-01     0.000 (   137      0)     0.000 (   285      0)
"r_i:PIO:pio_inq_vartype_file_vid"           -       1800     1800 6.480000e+04   4.251499e-01     0.000 (   118      0)     0.000 (   283      0)
"r_i:PIO:pio_inq_dimname_file_dimid"         -       1800     1800 3.168000e+05   1.433755e+00     0.004 (  1419      0)     0.000 (   283      0)
"r_i:PIO:pio_inquire_file"                   -       1800     1800 1.260000e+05   4.187974e-01     0.000 (   114      0)     0.000 (   283      0)
"r_i:PIO:pio_inq_ndims_file"                 -       1800     1800 1.260000e+05   3.873367e-01     0.000 (   114      0)     0.000 (   283      0)
"r_i:PIO:get_var_1d_double"                  -       1800     1800 5.400000e+03   4.139330e+00     0.002 (     0      0)     0.002 (   736      0)
"r_i:PIO:get_var_1d_text"                    -       1800     1800 7.200000e+03   4.605086e+00     0.003 (  1410      0)     0.002 (  1608      0)
"r_i:PIO:get_var_0d_double"                  -       1800     1800 1.800000e+03   1.072392e-01     0.000 (   268      0)     0.000 (   191      0)
"r_i:PIO:get_var_1d_int"                     -       1800     1800 1.800000e+03   1.723688e-01     0.000 (   618      0)     0.000 (   122      0)
"r_i:PIO:get_var1_text"                      -       1800     1800 1.872000e+05   1.469836e+01     0.008 (  1576      0)     0.007 (  1765      0)
"r_i:mosarti_histinit"                       -       1800     1800 1.800000e+03   2.715538e-01     0.001 (   969      0)     0.000 (   691      0)
"CPL:comp_init_cc_ocn"                       -       1800     1800 1.800000e+03   3.689294e+04    20.496 (  1661      0)    20.496 (   621      0)
"o_i:comp_init"                              -       1800     1800 1.800000e+03   3.689259e+04    20.496 (  1524      0)    20.495 (   614      0)
"o_i:mpaso_init1"                            -       1800     1800 1.800000e+03   7.351242e+03     4.117 (  1596      0)     4.062 (   813      0)
"o_i:PIO:openfile"                           -       1800     1800 1.800000e+04   1.004639e+03     0.706 (  1058      0)     0.500 (  1626      0)
"o_i:PIO:pio_inquire_file"                   -       1800     1800 1.800000e+04   1.207529e-01     0.000 (    80      0)     0.000 (   284      0)
"o_i:PIO:pio_inq_unlimdim_file"              -       1800     1800 1.800000e+04   1.031051e-01     0.000 (    80      0)     0.000 (   599      0)
"o_i:PIO:pio_inq_dimlen_file_dimid"          -       1800     1800 3.744000e+05   2.916345e+01     0.168 (  1592      0)     0.001 (  1764      0)
"o_i:PIO:pio_inq_dimlen_file_dimid_offlen"   -       1800     1800 3.744000e+05   2.905837e+01     0.168 (  1592      0)     0.001 (  1764      0)
"o_i:PIO:pio_inq_dimid_file_dimid"           -       1800     1800 6.120000e+04   4.645707e-01     0.001 (     2      0)     0.000 (  1615      0)
"o_i:PIO:pio_inq_varid_file_vid"             -       1800     1800 3.636000e+05   4.242445e+00     0.004 (  1407      0)     0.001 (     0      0)
"o_i:PIO:pio_inq_varid_file_vdesc"           -       1800     1800 1.818000e+05   1.109278e+00     0.001 (   191      0)     0.000 (  1764      0)
"o_i:PIO:pio_inq_vartype_file_vid"           -       1800     1800 1.818000e+05   2.052038e+00     0.001 (  1463      0)     0.001 (   270      0)
"o_i:PIO:pio_inq_varndims_file_vid"          -       1800     1800 1.818000e+05   1.893448e+00     0.001 (  1739      0)     0.001 (   251      0)
"o_i:PIO:pio_inq_vardimid_file_vid"          -       1800     1800 1.818000e+05   4.264771e+00     0.003 (  1651      0)     0.002 (   287      0)
"o_i:PIO:pio_inq_dimname_file_dimid"         -       1800     1800 3.060000e+05   3.766263e+01     0.080 (   540      0)     0.001 (   287      0)
"o_i:PIO:initdecomp"                         -       1800     1800 4.140000e+04   2.209632e+02     0.123 (   318      0)     0.122 (  1614      0)
"o_i:PIO:PIOc_initdecomp"                    -       1800     1800 4.140000e+04   2.200833e+02     0.123 (   783      0)     0.121 (  1603      0)
"o_i:PIO:box_rearrange_create"               -       1800     1800 4.140000e+04   2.160603e+02     0.120 (    31      0)     0.119 (  1140      0)
"o_i:PIO:pio_swapm"                          -       1800     1800 2.808000e+05   5.045497e+03     8.632 (    35      0)     0.096 (   775      0)
"o_i:PIO:read_darray_1d_int"                 -       1800     1800 2.520000e+04   2.746389e+03     2.213 (   706      0)     1.024 (  1707      0)
"o_i:PIO:PIOc_read_darray"                   -       1800     1800 1.566000e+05   2.900791e+04    16.694 (  1764      0)    15.462 (    22      0)
"o_i:PIO:read_darray_nc"                     -       1800     1800 1.566000e+05   2.064236e+04    13.104 (  1017      0)     7.364 (     4      0)
"o_i:PIO:rearrange_io2comp"                  -       1800     1800 1.566000e+05   4.917953e+03     8.561 (    35      0)     0.018 (   837      0)
"o_i:PIO:read_darray_2d_int"                 -       1800     1800 2.880000e+04   5.110583e+03     3.269 (   683      0)     2.420 (    19      0)
"o_i:PIO:pio_inq_att_file_vid_offlen"        -       1800     1800 9.000000e+03   3.487956e+00     0.008 (  1604      0)     0.000 (    30      0)
"o_i:PIO:get_att_file_vid_0d_text"           -       1800     1800 7.200000e+03   3.710234e-01     0.005 (     0      0)     0.000 (    30      0)
"o_i:PIO:PIOc_get_att_tc"                    -       1800     1800 9.000000e+03   8.075006e+01     0.065 (    38      0)     0.000 (    31      0)
"o_i:PIO:get_att_file_vid_0d_double"         -       1800     1800 1.800000e+03   8.040279e+01     0.065 (    38      0)     0.000 (    31      0)
"o_i:PIO:closefile"                          -       1800     1800 1.080000e+04   4.244690e+01     0.066 (  1696      0)     0.004 (   342      0)
"o_i:PIO:PIOc_closefile"                     -       1800     1800 1.080000e+04   4.242339e+01     0.066 (  1696      0)     0.004 (   342      0)
"o_i:mpaso_init2"                            -       1800     1800 1.800000e+03   2.910545e+04    16.183 (   285      0)    16.136 (  1605      0)
"o_i:io_read"                                -       1800     1800 3.600000e+03   2.893207e+04    16.099 (   813      0)    16.044 (  1596      0)
"o_i:PIO:get_vara_1d_text"                   -       1800     1800 9.180000e+04   5.037312e+02     0.422 (   381      0)     0.136 (  1404      0)
"o_i:PIO:PIOc_get_vars_tc"                   -       1800     1800 1.026000e+05   3.089258e+02     0.183 (    60      0)     0.165 (  1795      0)
"o_i:PIO:read_darray_1d_double"              -       1800     1800 8.460000e+04   1.764719e+04    10.436 (  1780      0)     8.870 (   706      0)
"o_i:PIO:read_darray_2d_double"              -       1800     1800 1.800000e+04   3.504167e+03     2.204 (  1080      0)     1.699 (   496      0)
"o_i:PIO:get_vara_1d_double"                 -       1800     1800 3.600000e+03   3.039644e+02     0.637 (   356      0)     0.000 (   612      0)
"o_i:analysis_bootstrap"                     -       1800     1800 1.800000e+03   6.197694e+02     0.400 (  1626      0)     0.331 (   465      0)
"o_i:init_read_globalStats"                  -       1800     1800 1.800000e+03   1.247010e-02     0.000 (   220      0)     0.000 (  1503      0)
"o_i:init_read_layerVolumeWeightedAverage"   -       1800     1800 1.800000e+03   1.218414e-02     0.000 (   324      0)     0.000 (  1712      0)
"o_i:init_read_meridionalHeatTransport"      -       1800     1800 1.800000e+03   8.630489e-03     0.000 (   326      0)     0.000 (  1113      0)
"o_i:init_read_surfaceAreaWeightedAverages"  -       1800     1800 1.800000e+03   8.377283e-03     0.000 (  1313      0)     0.000 (  1712      0)
"o_i:init_read_highFrequencyOutput"          -       1800     1800 1.800000e+03   7.321749e-03     0.000 (   771      0)     0.000 (  1712      0)
"o_i:init_read_mixedLayerDepths"             -       1800     1800 1.800000e+03   7.107581e-03     0.000 (  1275      0)     0.000 (  1712      0)
"o_i:init_read_mixedLayerHeatBudget"         -       1800     1800 1.800000e+03   4.753375e-03     0.000 (   221      0)     0.000 (  1712      0)
"o_i:init_read_timeSeriesStatsMonthly"       -       1800     1800 1.800000e+03   3.262030e+02     0.218 (  1705      0)     0.174 (   465      0)
"o_i:init_read_timeSeriesStatsMonthlyMin"    -       1800     1800 1.800000e+03   1.520969e+02     0.121 (  1626      0)     0.078 (   510      0)
"o_i:init_read_timeSeriesStatsMonthlyMax"    -       1800     1800 1.800000e+03   1.397365e+02     0.089 (  1550      0)     0.072 (   473      0)
"o_i:init_read_eddyProductVariables"         -       1800     1800 1.800000e+03   5.559756e-03     0.000 (  1699      0)     0.000 (  1012      0)
"o_i:init_read_mocStreamfunction"            -       1800     1800 1.800000e+03   5.230961e-03     0.000 (   295      0)     0.000 (  1687      0)
"o_i:init_read_oceanHeatContent"             -       1800     1800 1.800000e+03   4.231903e-03     0.000 (   819      0)     0.000 (   134      0)
"o_i:init_read_conservationCheck"            -       1800     1800 1.800000e+03   1.490921e+00     0.002 (  1642      0)     0.001 (   365      0)
"o_i:reset_io_alarms"                        -       1800     1800 3.600000e+03   8.184256e-01     0.000 (  1378      0)     0.000 (  1536      0)
"o_i:PIO:get_vara_1d_int"                    -       1800     1800 3.600000e+03   5.941128e+01     0.033 (  1659      0)     0.030 (  1558      0)
"o_i:PIO:get_vara_2d_int"                    -       1800     1800 3.600000e+03   4.125478e-01     0.002 (  1557      0)     0.000 (  1770      0)
"o_i:diagnostic solve"                       -       1800     1800 1.800000e+03   1.739497e+01     0.014 (  1597      0)     0.006 (   616      0)
"o_i:equation of state"                      -       1800     1800 5.400000e+03   2.964110e+00     0.003 (  1769      0)     0.001 (     5      0)
"o_i:analysis_init"                          -       1800     1800 1.800000e+03   2.021999e+01     0.018 (   813      0)     0.006 (  1597      0)
"o_i:init_globalStats"                       -       1800     1800 1.800000e+03   6.513060e-02     0.000 (   914      0)     0.000 (   622      0)
"o_i:init_layerVolumeWeightedAverage"        -       1800     1800 1.800000e+03   6.320550e-01     0.001 (  1308      0)     0.000 (  1404      0)
"o_i:init_meridionalHeatTransport"           -       1800     1800 1.800000e+03   9.753307e+00     0.012 (   813      0)     0.000 (  1597      0)
"o_i:init_surfaceAreaWeightedAverages"       -       1800     1800 1.800000e+03   6.482932e-01     0.000 (   672      0)     0.000 (  1398      0)
"o_i:init_highFrequencyOutput"               -       1800     1800 1.800000e+03   2.728788e-02     0.000 (  1122      0)     0.000 (   364      0)
"o_i:init_mixedLayerDepths"                  -       1800     1800 1.800000e+03   4.523251e-01     0.000 (   553      0)     0.000 (   457      0)
"o_i:init_mixedLayerHeatBudget"              -       1800     1800 1.800000e+03   5.318761e-01     0.000 (  1487      0)     0.000 (  1539      0)
"o_i:init_timeSeriesStatsMonthly"            -       1800     1800 1.800000e+03   1.375260e+00     0.002 (    91      0)     0.001 (  1210      0)
"o_i:init_timeSeriesStatsMonthlyMin"         -       1800     1800 1.800000e+03   1.143812e+00     0.001 (   823      0)     0.001 (   276      0)
"o_i:init_timeSeriesStatsMonthlyMax"         -       1800     1800 1.800000e+03   1.085145e+00     0.001 (   959      0)     0.001 (    70      0)
"o_i:init_eddyProductVariables"              -       1800     1800 1.800000e+03   4.471850e-01     0.000 (   489      0)     0.000 (   428      0)
"o_i:init_mocStreamfunction"                 -       1800     1800 1.800000e+03   2.722872e+00     0.002 (    31      0)     0.000 (   222      0)
"o_i:init_oceanHeatContent"                  -       1800     1800 1.800000e+03   6.346252e-01     0.000 (  1656      0)     0.000 (    31      0)
"o_i:init_conservationCheck"                 -       1800     1800 1.800000e+03   5.685432e-01     0.000 (   960      0)     0.000 (  1035      0)
"o_i:SAL Init"                               -       1800     1800 1.800000e+03   2.124586e-02     0.000 (  1669      0)     0.000 (   680      0)
"o_i:mpaso_mct_init"                         -       1800     1800 1.800000e+03   3.972189e+02     0.267 (   465      0)     0.191 (   474      0)
"o_i:frazil"                                 -       1800     1800 1.800000e+03   8.585831e-01     0.001 (   385      0)     0.000 (    39      0)
"o_i:land_ice_build_arrays"                  -       1800     1800 1.800000e+03   7.729970e-04     0.000 (   427      0)     0.000 (   514      0)
"o_i:io_shortwave"                           -       1800     1800 1.800000e+03   2.211203e-02     0.000 (   427      0)     0.000 (    80      0)
"o_i:io_monthly_surface_salinity"            -       1800     1800 1.800000e+03   3.518916e+02     0.216 (   465      0)     0.180 (   763      0)
"CPL:comp_init_cc_ice"                       -       1800     1800 1.800000e+03   3.552557e+04    19.755 (   694      0)    19.732 (  1666      0)
"i_i:comp_init"                              -       1800     1800 1.800000e+03   3.552386e+04    19.755 (   694      0)    19.732 (  1374      0)
"i_i:mpassi_init"                            -       1800     1800 1.800000e+03   3.271324e+04    18.661 (  1362      0)    17.968 (  1704      0)
"i_i:PIO:openfile"                           -       1800     1800 1.800000e+04   8.406675e+02     0.501 (    58      0)     0.425 (  1615      0)
"i_i:PIO:pio_inquire_file"                   -       1800     1800 1.800000e+04   1.204028e-01     0.000 (   130      0)     0.000 (   274      0)
"i_i:PIO:pio_inq_unlimdim_file"              -       1800     1800 1.800000e+04   1.028119e-01     0.000 (   130      0)     0.000 (   274      0)
"i_i:PIO:pio_inq_dimlen_file_dimid"          -       1800     1800 4.482000e+05   7.062634e+01     0.208 (  1474      0)     0.001 (  1764      0)
"i_i:PIO:pio_inq_dimlen_file_dimid_offlen"   -       1800     1800 4.482000e+05   7.049387e+01     0.208 (  1474      0)     0.001 (  1764      0)
"i_i:PIO:pio_inq_dimid_file_dimid"           -       1800     1800 6.120000e+04   4.688710e-01     0.001 (    14      0)     0.000 (  1764      0)
"i_i:PIO:pio_inq_varid_file_vid"             -       1800     1800 3.834000e+05   4.505211e+00     0.008 (   326      0)     0.001 (     0      0)
"i_i:PIO:pio_inq_varid_file_vdesc"           -       1800     1800 1.818000e+05   1.100788e+00     0.001 (  1394      0)     0.000 (   323      0)
"i_i:PIO:pio_inq_vartype_file_vid"           -       1800     1800 1.800000e+05   1.999744e+00     0.001 (   398      0)     0.001 (   323      0)
"i_i:PIO:pio_inq_varndims_file_vid"          -       1800     1800 1.800000e+05   1.852159e+00     0.001 (   695      0)     0.001 (   323      0)
"i_i:PIO:pio_inq_vardimid_file_vid"          -       1800     1800 1.800000e+05   4.159157e+00     0.004 (  1137      0)     0.002 (   323      0)
"i_i:PIO:pio_inq_dimname_file_dimid"         -       1800     1800 3.798000e+05   1.131327e+02     0.223 (  1188      0)     0.001 (   323      0)
"i_i:PIO:initdecomp"                         -       1800     1800 4.140000e+04   2.349823e+02     0.133 (  1122      0)     0.129 (  1139      0)
"i_i:PIO:PIOc_initdecomp"                    -       1800     1800 4.140000e+04   2.346328e+02     0.133 (  1122      0)     0.129 (  1139      0)
"i_i:PIO:box_rearrange_create"               -       1800     1800 4.140000e+04   2.305574e+02     0.130 (  1122      0)     0.126 (   777      0)
"i_i:PIO:pio_swapm"                          -       1800     1800 2.718000e+05   5.422997e+03     7.859 (     2      0)     0.345 (   757      0)
"i_i:PIO:read_darray_1d_int"                 -       1800     1800 1.980000e+04   2.500599e+03     2.014 (  1717      0)     0.935 (    21      0)
"i_i:PIO:PIOc_read_darray"                   -       1800     1800 1.476000e+05   2.238283e+04    12.761 (   971      0)    12.007 (    29      0)
"i_i:PIO:read_darray_nc"                     -       1800     1800 1.476000e+05   1.442008e+04     9.771 (  1124      0)     3.993 (    23      0)
"i_i:PIO:rearrange_io2comp"                  -       1800     1800 1.476000e+05   5.253844e+03     7.763 (     2      0)     0.256 (   757      0)
"i_i:PIO:read_darray_2d_int"                 -       1800     1800 2.520000e+04   2.037471e+03     1.530 (   333      0)     0.681 (  1231      0)
"i_i:PIO:pio_inq_att_file_vid_offlen"        -       1800     1800 9.000000e+03   1.454974e+00     0.007 (  1077      0)     0.000 (  1748      0)
"i_i:PIO:get_att_file_vid_0d_text"           -       1800     1800 7.200000e+03   2.760664e+00     0.007 (  1312      0)     0.000 (   165      0)
"i_i:PIO:PIOc_get_att_tc"                    -       1800     1800 9.000000e+03   2.761861e+00     0.007 (  1312      0)     0.000 (    58      0)
"i_i:PIO:get_att_file_vid_0d_double"         -       1800     1800 1.800000e+03   2.339620e-02     0.000 (   175      0)     0.000 (    58      0)
"i_i:PIO:closefile"                          -       1800     1800 1.080000e+04   1.260620e+01     0.012 (     2      0)     0.002 (  1601      0)
"i_i:PIO:PIOc_closefile"                     -       1800     1800 1.080000e+04   1.258219e+01     0.012 (     2      0)     0.002 (  1601      0)
"i_i:PIO:get_vara_1d_text"                   -       1800     1800 5.400000e+03   1.145298e+02     0.164 (   690      0)     0.028 (  1321      0)
"i_i:PIO:PIOc_get_vars_tc"                   -       1800     1800 3.420000e+04   5.758341e+01     0.033 (   827      0)     0.031 (  1368      0)
"i_i:PIO:read_darray_1d_double"              -       1800     1800 6.300000e+04   1.204456e+04     7.327 (  1229      0)     5.863 (  1522      0)
"i_i:PIO:read_darray_2d_double"              -       1800     1800 1.080000e+04   1.993446e+03     1.256 (  1303      0)     0.994 (   112      0)
"i_i:PIO:read_darray_3d_double"              -       1800     1800 2.880000e+04   3.807135e+03     2.132 (   293      0)     2.064 (  1300      0)
"i_i:analysis_bootstrap"                     -       1800     1800 1.800000e+03   2.453701e+02     0.148 (     0      0)     0.133 (   112      0)
"i_i:init_read_regionalStatistics"           -       1800     1800 1.800000e+03   1.249508e-02     0.000 (   612      0)     0.000 (  1424      0)
"i_i:init_read_ridgingDiagnostics"           -       1800     1800 1.800000e+03   4.411296e-03     0.000 (  1268      0)     0.000 (  1503      0)
"i_i:init_read_geographicalVectors"          -       1800     1800 1.800000e+03   8.214224e-03     0.000 (  1499      0)     0.000 (  1406      0)
"i_i:init_read_miscellaneous"                -       1800     1800 1.800000e+03   7.780168e-03     0.000 (   831      0)     0.000 (   669      0)
"i_i:init_read_areaVariables"                -       1800     1800 1.800000e+03   7.584885e-03     0.000 (   686      0)     0.000 (   663      0)
"i_i:init_read_pondDiagnostics"              -       1800     1800 1.800000e+03   6.867497e-03     0.000 (  1487      0)     0.000 (   452      0)
"i_i:init_read_unitConversion"               -       1800     1800 1.800000e+03   3.343453e-03     0.000 (   254      0)     0.000 (   363      0)
"i_i:init_read_icePresent"                   -       1800     1800 1.800000e+03   2.957394e-03     0.000 (  1408      0)     0.000 (   310      0)
"i_i:init_read_timeSeriesStatsDaily"         -       1800     1800 1.800000e+03   2.789515e+01     0.017 (   623      0)     0.015 (   389      0)
"i_i:init_read_timeSeriesStatsMonthly"       -       1800     1800 1.800000e+03   2.173501e+02     0.132 (     0      0)     0.117 (   112      0)
"i_i:PIO:get_vara_2d_double"                 -       1800     1800 2.160000e+04   4.576753e+00     0.003 (  1674      0)     0.002 (  1748      0)
"i_i:PIO:get_vara_3d_double"                 -       1800     1800 7.200000e+03   2.443890e+00     0.002 (   316      0)     0.001 (    65      0)
"i_i:analysis_init"                          -       1800     1800 1.800000e+03   3.208599e+03     1.979 (  1584      0)     1.738 (   436      0)
"i_i:init_regionalStatistics"                -       1800     1800 1.800000e+03   2.120408e+01     0.024 (   659      0)     0.003 (  1403      0)
"i_i:init_ridgingDiagnostics"                -       1800     1800 1.800000e+03   8.558399e-02     0.000 (   816      0)     0.000 (  1501      0)
"i_i:init_geographicalVectors"               -       1800     1800 1.800000e+03   7.855333e-02     0.000 (   828      0)     0.000 (   704      0)
"i_i:init_miscellaneous"                     -       1800     1800 1.800000e+03   7.786623e-02     0.000 (  1163      0)     0.000 (  1796      0)
"i_i:init_areaVariables"                     -       1800     1800 1.800000e+03   2.069216e+03     1.253 (   468      0)     1.123 (   412      0)
"i_i:init_pondDiagnostics"                   -       1800     1800 1.800000e+03   1.115742e+03     0.731 (  1409      0)     0.605 (   980      0)
"i_i:init_unitConversion"                    -       1800     1800 1.800000e+03   9.696188e-02     0.013 (  1292      0)     0.000 (  1731      0)
"i_i:init_icePresent"                        -       1800     1800 1.800000e+03   8.034618e-02     0.000 (  1187      0)     0.000 (  1130      0)
"i_i:init_timeSeriesStatsDaily"              -       1800     1800 1.800000e+03   8.366199e-01     0.013 (  1052      0)     0.000 (  1698      0)
"i_i:init_timeSeriesStatsMonthly"            -       1800     1800 1.800000e+03   1.111273e+00     0.014 (   712      0)     0.001 (  1566      0)
"i_i:seaice_init"                            -       1800     1800 1.800000e+03   1.502611e+03     1.342 (  1388      0)     0.635 (   324      0)
"i_i:Velocity solver init"                   -       1800     1800 1.800000e+03   1.113739e+03     1.173 (  1394      0)     0.475 (  1037      0)
"i_i:variational calc_metric_terms"          -       1800     1800 1.800000e+03   6.125123e-01     0.014 (   699      0)     0.000 (   559      0)
"i_i:variational vertices_at_vertex"         -       1800     1800 1.800000e+03   1.027500e-01     0.000 (  1299      0)     0.000 (   240      0)
"i_i:Velocity solver Wachpress init"         -       1800     1800 1.800000e+03   9.695828e+02     1.096 (  1394      0)     0.397 (    58      0)
"i_i:variational calc_local_coords"          -       1800     1800 1.800000e+03   6.685502e-02     0.000 (    28      0)     0.000 (  1088      0)
"i_i:wachpress calc_coefficients"            -       1800     1800 1.800000e+03   2.707164e-01     0.000 (  1755      0)     0.000 (    58      0)
"i_i:wachpress calc_derivatives"             -       1800     1800 1.800000e+03   1.593820e+01     0.010 (  1398      0)     0.007 (    58      0)
"i_i:wachpress integrate"                    -       1800     1800 1.800000e+03   9.532339e+02     1.087 (  1394      0)     0.391 (    58      0)
"i_i:variational denominator"                -       1800     1800 1.800000e+03   1.059521e-02     0.000 (   893      0)     0.000 (  1066      0)
"i_i:mpassi_mct_init"                        -       1800     1800 1.800000e+03   1.559866e+03     0.998 (   553      0)     0.370 (  1394      0)
"i_i:analysis_compute_startup"               -       1800     1800 1.800000e+03   1.092267e+03     0.626 (  1549      0)     0.592 (  1167      0)
"i_i:compute_startup_regionalStatistics"     -       1800     1800 1.800000e+03   6.794022e+01     0.063 (  1377      0)     0.021 (  1146      0)
"i_i:PIO:createfile"                         -       1800     1800 1.800000e+03   8.398821e+01     0.058 (   855      0)     0.038 (  1377      0)
"i_i:PIO:PIOc_createfile"                    -       1800     1800 1.800000e+03   8.397839e+01     0.058 (   855      0)     0.038 (  1377      0)
"i_i:PIO:write_total"                        -       1800     1800 9.396000e+05   9.475491e+02     0.549 (   742      0)     0.488 (   540      0)
"i_i:PIO:put_att_file_vid_0d_text"           -       1800     1800 5.724000e+05   3.326757e+01     0.036 (   381      0)     0.003 (   484      0)
"i_i:PIO:PIOc_put_att_tc"                    -       1800     1800 9.162000e+05   4.063447e+01     0.038 (   381      0)     0.004 (   448      0)
"i_i:PIO:put_att_file_vid_0d_double"         -       1800     1800 3.150000e+05   8.258043e+00     0.018 (   664      0)     0.002 (   777      0)
"i_i:PIO:put_att_file_vid_0d_int"            -       1800     1800 2.880000e+04   1.066299e+00     0.013 (  1493      0)     0.000 (  1631      0)
"i_i:PIO:pio_def_dim_file"                   -       1800     1800 5.400000e+03   7.439079e+00     0.013 (  1121      0)     0.000 (  1749      0)
"i_i:PIO:pio_def_var_md_file_vdesc"          -       1800     1800 1.980000e+04   2.460453e+00     0.012 (  1468      0)     0.000 (   448      0)
"i_i:PIO:pio_enddef_file"                    -       1800     1800 1.800000e+03   1.500803e+00     0.009 (  1211      0)     0.000 (  1374      0)
"i_i:PIO:put_var1_text"                      -       1800     1800 1.800000e+03   5.671780e+01     0.052 (    24      0)     0.002 (  1353      0)
"i_i:PIO:PIOc_put_vars_tc"                   -       1800     1800 1.980000e+04   5.075472e+02     0.306 (    18      0)     0.250 (   560      0)
"i_i:PIO:flush_output_buffer"                -         50       50 6.000000e+02   1.866505e+01     0.478 (     0      0)     0.278 (   900      0)
"i_i:PIO:put_var1_double"                    -       1800     1800 1.800000e+03   5.832715e+01     0.039 (  1478      0)     0.008 (  1093      0)
"i_i:PIO:put_vara_1d_double"                 -       1800     1800 1.620000e+04   3.964615e+02     0.237 (  1170      0)     0.198 (   560      0)
"i_i:PIO:syncfile"                           -       1800     1800 1.800000e+03   3.153570e+02     0.189 (   742      0)     0.160 (  1170      0)
"i_i:PIO:PIOc_sync"                          -       1800     1800 1.800000e+03   3.153543e+02     0.189 (   742      0)     0.160 (  1170      0)
"i_i:compute_startup_ridgingDiagnostics"     -       1800     1800 1.800000e+03   3.315445e-02     0.000 (   408      0)     0.000 (   663      0)
"i_i:compute_startup_geographicalVectors"    -       1800     1800 1.800000e+03   1.203272e+00     0.013 (   946      0)     0.000 (   413      0)
"i_i:compute_startup_miscellaneous"          -       1800     1800 1.800000e+03   5.301053e-02     0.002 (   857      0)     0.000 (  1306      0)
"i_i:compute_startup_areaVariables"          -       1800     1800 1.800000e+03   4.454172e-02     0.003 (  1692      0)     0.000 (   980      0)
"i_i:compute_startup_pondDiagnostics"        -       1800     1800 1.800000e+03   5.395512e-02     0.011 (   792      0)     0.000 (   473      0)
"CPL:comp_init_cc_glc"                       -       1800     1800 1.800000e+03   9.940478e+00     0.013 (   719      0)     0.000 (   256      0)
"g_i:comp_init"                              -        144      144 1.440000e+02   1.297334e-02     0.000 (    24      0)     0.000 (    95      0)
"CPL:comp_init_cc_wav"                       -       1800     1800 1.800000e+03   1.857994e-01     0.010 (  1121      0)     0.000 (  1384      0)
"w_i:comp_init"                              -        144      144 1.440000e+02   1.049452e-04     0.000 (     0      0)     0.000 (    65      0)
"CPL:comp_init_cc_esp"                       -       1800     1800 1.800000e+03   7.799049e-01     0.012 (   764      0)     0.000 (   707      0)
"e_i:comp_init"                              -          1        1 1.000000e+00   1.709908e-06     0.000 (     0      0)     0.000 (     0      0)
"CPL:comp_init_cc_iac"                       -       1800     1800 1.800000e+03   9.666363e-01     0.012 (   779      0)     0.000 (   160      0)
"z_i:comp_init"                              -          1        1 1.000000e+00   7.953495e-07     0.000 (     0      0)     0.000 (     0      0)
"CPL:comp_init_cx_all"                       -       1800     1800 1.800000e+03   2.046799e+03     1.156 (  1255      0)     1.121 (  1294      0)
"CPL:comp_list_all"                          -       1800     1800 1.800000e+03   1.201968e-02     0.000 (  1682      0)     0.000 (  1612      0)
"CPL:init_maps"                              -       1800     1800 1.800000e+03   2.733784e+04    15.199 (     9      0)    15.165 (   990      0)
"CPL:init_aream"                             -       1800     1800 1.800000e+03   1.901473e+03     1.060 (   288      0)     1.052 (  1601      0)
"CPL:seq_map_readdata-ocn2atm"               -       1800     1800 1.800000e+03   1.339592e+03     0.878 (   288      0)     0.062 (    18      0)
"PIO:pio_inq_dimid_file_dimid"               -       1800     1800 9.000000e+03   3.014760e+00     0.023 (   465      0)     0.000 (   347      0)
"PIO:pio_inq_dimlen_file_dimid"              -       1800     1800 5.580000e+04   2.875768e-01     0.000 (  1374      0)     0.000 (   273      0)
"PIO:pio_inq_dimlen_file_dimid_offlen"       -       1800     1800 5.580000e+04   2.632804e-01     0.000 (  1374      0)     0.000 (   273      0)
"PIO:initdecomp"                             -       1800     1800 3.240000e+04   1.421132e+02     0.088 (    31      0)     0.053 (   366      0)
"PIO:PIOc_initdecomp"                        -       1800     1800 3.240000e+04   1.419816e+02     0.088 (    31      0)     0.053 (   392      0)
"PIO:box_rearrange_create"                   -       1800     1800 3.240000e+04   9.118705e+01     0.051 (   847      0)     0.048 (   289      0)
"PIO:pio_swapm"                              -       1800     1800 5.814000e+05   1.941801e+03     4.190 (    35      0)     0.047 (     1      0)
"PIO:read_darray_1d_double"                  -       1800     1800 4.842000e+05   2.943814e+04    16.606 (   425      0)    15.564 (     1      0)
"PIO:PIOc_read_darray"                       -       1800     1800 4.842000e+05   2.943721e+04    16.605 (   425      0)    15.564 (     1      0)
"PIO:read_darray_nc"                         -       1800     1800 4.842000e+05   2.753212e+04    16.498 (    72      0)    12.294 (    35      0)
"PIO:rearrange_io2comp"                      -       1800     1800 4.842000e+05   1.872928e+03     4.153 (    35      0)     0.011 (     1      0)
"PIO:freedecomp"                             -       1800     1800 3.240000e+04   4.826800e-01     0.001 (    36      0)     0.000 (  1208      0)
"PIO:PIOc_sync"                              -       1800     1800 3.240000e+04   3.740135e-02     0.000 (  1008      0)     0.000 (   531      0)
"PIO:PIOc_freedecomp"                        -       1800     1800 3.240000e+04   1.651542e-01     0.000 (  1296      0)     0.000 (  1208      0)
"CPL:seq_map_readdata-rof2ocn_liq"           -       1800     1800 1.800000e+03   1.950391e+02     0.834 (    24      0)     0.018 (    31      0)
"CPL:seq_map_readdata-rof2ocn_ice"           -       1800     1800 1.800000e+03   7.703725e+01     0.050 (    10      0)     0.012 (   412      0)
"CPL:seq_map_readdata-atm2lnd"               -       1800     1800 1.800000e+03   1.980792e+02     0.113 (  1086      0)     0.107 (    67      0)
"CPL:init_domain_check"                      -       1800     1800 1.800000e+03   3.042155e+02     0.172 (    25      0)     0.166 (  1080      0)
"CPL:init_areacor"                           -       1800     1800 1.800000e+03   1.011552e+01     0.006 (    66      0)     0.006 (  1716      0)
"CPL:init_fracs"                             -       1800     1800 1.800000e+03   6.334437e+00     0.004 (   484      0)     0.003 (  1563      0)
"CPL:init_aoflux"                            -       1800     1800 1.800000e+03   1.194028e+00     0.005 (   667      0)     0.000 (  1587      0)
"CPL:init_readrestart"                       -       1800     1800 1.800000e+03   2.942857e+04    16.351 (   108      0)    16.345 (   667      0)
"CPL:seq_rest_read-init"                     -       1800     1800 1.800000e+03   2.942850e+04    16.350 (   108      0)    16.345 (   667      0)
"PIO:pio_inq_varndims_file_vdesc"            -       1800     1800 2.340000e+04   3.080904e-01     0.000 (   304      0)     0.000 (  1782      0)
"PIO:pio_inq_varndims_file_vid"              -       1800     1800 2.340000e+04   2.930835e-01     0.000 (   304      0)     0.000 (  1782      0)
"PIO:pio_inq_vardimid_file_vdesc"            -       1800     1800 2.340000e+04   5.224067e-01     0.000 (   194      0)     0.000 (   272      0)
"PIO:pio_inq_vardimid_file_vid"              -       1800     1800 2.340000e+04   5.004204e-01     0.000 (   187      0)     0.000 (   272      0)
"CPL:init_rof2ocn"                           -       1800     1800 1.800000e+03   4.364707e+00     0.003 (   380      0)     0.002 (  1368      0)
"CPL:init_rof2lnd"                           -       1800     1800 1.800000e+03   1.894546e-01     0.001 (  1420      0)     0.000 (   880      0)
"CPL:cime_run_init"                          -       1800     1800 1.800000e+03   3.610602e-01     0.006 (     0      0)     0.000 (   411      0)
"CPL:INIT_sync1_tprf"                        -       1800     1800 1.800000e+03   9.839020e+00     0.006 (   225      0)     0.000 (     0      0)
"CPL:INIT_t_prf"                             y          0        0 0.000000e+00   0.000000e+00     0.000 (     0      0)     0.000 (     0      0)

