
***** GLOBAL STATISTICS (  1408 MPI TASKS) *****

$Id: gptl.c,v 1.157 2011-03-28 20:55:18 rosinski Exp $
'count' is cumulative. All other stats are max/min
'on' indicates whether the timer was active during output, and so stats are lower or upper bounds.

name                                       on  processes  threads        count      walltotal   wallmax (proc   thrd  )   wallmin (proc   thrd  )
"CPL:INIT"                                  -       1408     1408 1.408000e+03   1.658148e+05   117.887 (   719      0)   117.540 (  1368      0)
"CPL:cime_pre_init1"                        -       1408     1408 1.408000e+03   7.083657e+03     5.152 (   730      0)     4.805 (  1368      0)
"CPL:mpi_init"                              -       1408     1408 1.408000e+03   6.482526e+03     4.702 (   974      0)     4.383 (  1368      0)
"CPL:ESMF_Initialize"                       -       1408     1408 1.408000e+03   1.216560e-01     0.002 (  1208      0)     0.000 (    39      0)
"CPL:cime_pre_init2"                        -       1408     1408 1.408000e+03   2.273342e+02     0.162 (  1121      0)     0.160 (  1208      0)
"CPL:seq_infodata_init"                     -       1408     1408 1.408000e+03   9.726974e+01     0.091 (     8      0)     0.062 (   989      0)
"PIO:openfile"                              -       1408     1408 3.097600e+04   5.548272e+02     0.405 (     4      0)     0.358 (   672      0)
"PIO:get_att_file_vid_0d_text"              -       1408     1408 2.816000e+04   3.117256e+00     0.004 (  1178      0)     0.001 (     0      0)
"PIO:PIOc_get_att_tc"                       -       1408     1408 2.816000e+04   2.766696e+00     0.003 (  1191      0)     0.001 (     0      0)
"PIO:pio_inq_varid_file_vdesc"              -       1408     1408 4.040960e+05   2.042233e+01     0.022 (   705      0)     0.002 (     0      0)
"PIO:pio_inq_varid_file_vid"                -       1408     1408 4.040960e+05   2.031781e+01     0.022 (   705      0)     0.002 (     0      0)
"PIO:get_var_1d_double"                     -       1408     1408 8.448000e+03   1.572442e+01     0.012 (  1108      0)     0.009 (  1153      0)
"PIO:PIOc_get_vars_tc"                      -       1408     1408 2.112000e+04   1.939269e+01     0.015 (   720      0)     0.012 (  1159      0)
"PIO:get_var_0d_text"                       -       1408     1408 1.408000e+03   1.493221e+00     0.001 (   640      0)     0.001 (   910      0)
"CPL:seq_timemgr_clockInit"                 -       1408     1408 1.408000e+03   2.935376e+01     0.024 (   905      0)     0.019 (   695      0)
"PIO:get_var_1d_int"                        -       1408     1408 1.126400e+04   4.688418e+00     0.004 (   763      0)     0.002 (   694      0)
"PIO:closefile"                             -       1408     1408 3.097600e+04   4.024660e+00     0.257 (     0      0)     0.001 (   171      0)
"PIO:PIOc_closefile"                        -       1408     1408 3.097600e+04   3.944940e+00     0.257 (     0      0)     0.001 (   171      0)
"CPL:cime_init"                             -       1408     1408 1.408000e+03   1.585037e+05   112.574 (   829      0)   112.573 (   352      0)
"CPL:init_comps"                            -       1408     1408 1.408000e+03   1.438717e+05   102.182 (   929      0)   102.181 (  1401      0)
"CPL:comp_init_pre_all"                     -       1408     1408 1.408000e+03   7.180547e-02     0.000 (  1333      0)     0.000 (   448      0)
"CPL:comp_init_cc_atm"                      -       1408     1408 1.408000e+03   9.601026e+04    68.190 (   819      0)    68.188 (   658      0)
"a_i:comp_init"                             -       1408     1408 2.816000e+03   1.043772e+05    74.196 (    14      0)    74.102 (   509      0)
"a_i:shr_taskmap_write"                     -       1408     1408 1.408000e+03   8.914459e+00     0.007 (   916      0)     0.001 (     0      0)
"a_i:read_namelist"                         -       1408     1408 1.408000e+03   9.157947e+01     0.066 (   258      0)     0.065 (   670      0)
"a_i:cam_init"                              -       1408     1408 1.408000e+03   9.578557e+04    68.109 (   384      0)    67.843 (   708      0)
"a_i:cam_read_restart"                      -       1408     1408 1.408000e+03   6.705523e+03     4.771 (   704      0)     4.762 (    81      0)
"a_i:PIO:openfile"                          -       1408     1408 1.267200e+05   4.284177e+03     3.783 (   704      0)     2.569 (  1221      0)
"a_i:PIO:pio_inq_att_file_vid_offlen"       -       1408     1408 1.408000e+03   9.990689e-02     0.000 (   408      0)     0.000 (  1110      0)
"a_i:PIO:get_att_file_vid_0d_text"          -       1408     1408 2.647040e+05   8.389056e+00     0.007 (    70      0)     0.005 (  1054      0)
"a_i:PIO:PIOc_get_att_tc"                   -       1408     1408 2.787840e+05   8.371767e+00     0.009 (  1407      0)     0.005 (  1054      0)
"a_i:PIO:get_att_file_vid_1d_double"        -       1408     1408 2.816000e+03   2.884093e-02     0.000 (   159      0)     0.000 (  1187      0)
"a_i:timemgr_read_restart"                  -       1408     1408 1.408000e+03   1.491668e+01     0.011 (     0      0)     0.010 (   188      0)
"a_i:PIO:pio_inq_varid_file_vdesc"          -       1408     1408 1.233408e+06   3.197514e+01     0.049 (     7      0)     0.008 (   704      0)
"a_i:PIO:pio_inq_varid_file_vid"            -       1408     1408 1.575552e+06   3.560830e+01     0.051 (     7      0)     0.010 (  1088      0)
"a_i:PIO:get_var_0d_text"                   -       1408     1408 3.238400e+04   8.607259e+00     0.007 (     0      0)     0.006 (  1113      0)
"a_i:PIO:PIOc_get_vars_tc"                  -       1408     1408 1.074304e+06   5.567747e+04    39.561 (   992      0)    39.520 (     1      0)
"a_i:PIO:get_var_0d_int"                    -       1408     1408 2.112000e+04   1.464890e+01     0.011 (   900      0)     0.010 (   361      0)
"a_i:read_restart_dynamics"                 -       1408     1408 1.408000e+03   4.259655e+03     3.026 (  1154      0)     3.024 (   455      0)
"a_i:dyn_init1"                             -       1408     1408 1.408000e+03   4.165575e+02     0.376 (  1024      0)     0.217 (   163      0)
"a_i:hycoef_init"                           -       1408     1408 1.408000e+03   2.551302e+00     0.003 (     0      0)     0.002 (  1101      0)
"a_i:PIO:pio_inq_dimid_file_dimid"          -       1408     1408 5.125120e+05   9.490327e+00     0.009 (   341      0)     0.004 (     0      0)
"a_i:PIO:pio_inq_dimlen_file_dimid"         -       1408     1408 2.956800e+05   1.667111e+00     0.001 (   533      0)     0.001 (  1199      0)
"a_i:PIO:pio_inq_dimlen_file_dimid_offlen"  -       1408     1408 2.956800e+05   1.565412e+00     0.001 (   533      0)     0.001 (  1199      0)
"a_i:PIO:get_var_1d_double"                 -       1408     1408 2.097920e+05   1.607212e+03     1.152 (     0      0)     1.126 (   839      0)
"a_i:prim_init1"                            -       1408     1408 1.408000e+03   7.316829e+01     0.053 (  1374      0)     0.051 (     0      0)
"a_i:PartitioningTime"                      -       1408     1408 1.408000e+03   4.108840e-04     0.000 (    81      0)     0.000 (   374      0)
"a_i:shr_reprosum_INF_NaN_Chk"              -       1408     1408 1.239040e+05   7.301109e-02     0.000 (   310      0)     0.000 (  1389      0)
"a_i:shr_reprosum_int"                      -       1408     1408 1.239040e+05   9.446511e+01     0.076 (   325      0)     0.007 (     3      0)
"a_i:repro_sum_loopa"                       -       1408     1408 1.239040e+05   4.116068e-02     0.000 (   501      0)     0.000 (   882      0)
"a_i:repro_sum_allr_minmax"                 -       1408     1408 1.239040e+05   9.116449e+01     0.074 (   325      0)     0.004 (     3      0)
"a_i:repro_sum_loopb"                       -       1408     1408 1.239040e+05   7.135274e-02     0.000 (   869      0)     0.000 (  1367      0)
"a_i:repro_sum_allr_i8"                     -       1408     1408 1.239040e+05   2.314145e+00     0.002 (   331      0)     0.001 (   577      0)
"a_i:repro_sum_finalsum"                    -       1408     1408 1.239040e+05   6.382042e-02     0.000 (   750      0)     0.000 (   777      0)
"a_i:compose_init"                          -       1408     1408 1.408000e+03   5.243075e+00     0.004 (  1344      0)     0.003 (   711      0)
"a_i:sl_init1"                              -       1408     1408 1.408000e+03   1.433842e+00     0.002 (  1263      0)     0.001 (   200      0)
"a_i:phys_grid_init"                        -       1408     1408 1.408000e+03   1.433691e+02     0.180 (  1271      0)     0.022 (   525      0)
"a_i:create_chunks"                         -       1408     1408 1.408000e+03   3.832708e+00     0.003 (   395      0)     0.003 (   808      0)
"a_i:PIO:get_att_file_vid_0d_int"           -       1408     1408 7.040000e+03   3.259456e-01     0.004 (  1407      0)     0.000 (   997      0)
"a_i:PIO:initdecomp"                        -       1408     1408 1.548800e+04   2.794960e+02     0.200 (    17      0)     0.197 (   765      0)
"a_i:PIO:PIOc_initdecomp"                   -       1408     1408 1.548800e+04   2.793597e+02     0.200 (     8      0)     0.197 (   765      0)
"a_i:PIO:box_rearrange_create"              -       1408     1408 1.548800e+04   2.762626e+02     0.196 (  1216      0)     0.196 (   751      0)
"a_i:PIO:pio_swapm"                         -       1408     1408 7.180800e+05   5.862035e+03     4.273 (  1407      0)     0.805 (     0      0)
"a_i:PIO:read_darray_1d_double"             -       1408     1408 2.562560e+05   3.561886e+03     2.534 (  1216      0)     2.524 (   397      0)
"a_i:PIO:PIOc_read_darray"                  -       1408     1408 6.716160e+05   5.820875e+03     4.150 (  1280      0)     4.106 (     7      0)
"a_i:PIO:read_darray_nc"                    -       1408     1408 6.716160e+05   8.452824e+01     3.299 (     0      0)     0.013 (   865      0)
"a_i:PIO:rearrange_io2comp"                 -       1408     1408 6.716160e+05   5.596579e+03     4.082 (   703      0)     0.651 (     0      0)
"a_i:dyn_init2"                             -       1408     1408 1.408000e+03   2.694547e+01     0.020 (     0      0)     0.019 (   760      0)
"a_i:prim_init2"                            -       1408     1408 1.408000e+03   2.553537e+01     0.019 (   327      0)     0.016 (    72      0)
"a_i:prim_printstate"                       -       1408     1408 1.408000e+03   1.614602e+01     0.012 (     0      0)     0.011 (   418      0)
"a_i:read_restart_physics"                  -       1408     1408 1.408000e+03   2.287623e+03     1.625 (   148      0)     1.625 (   320      0)
"a_i:pbuf_read_restart"                     -       1408     1408 1.408000e+03   2.133366e+03     1.516 (  1337      0)     1.515 (    65      0)
"a_i:get_decomp"                            -       1408     1408 2.745600e+05   3.886416e+01     0.030 (     0      0)     0.027 (   655      0)
"a_i:get_filemap"                           -       1408     1408 9.856000e+03   3.249061e-01     0.000 (   304      0)     0.000 (   179      0)
"a_i:newdecomp"                             -       1408     1408 9.856000e+03   3.759853e+01     0.028 (    20      0)     0.025 (   767      0)
"a_i:PIO:read_darray_2d_double"             -       1408     1408 2.210560e+05   3.526293e+02     0.261 (    60      0)     0.239 (  1281      0)
"a_i:PIO:read_darray_3d_double"             -       1408     1408 1.928960e+05   1.903489e+03     1.363 (  1152      0)     1.331 (     1      0)
"a_i:PIO:read_darray_2d_int"                -       1408     1408 1.408000e+03   3.544266e+00     0.003 (  1210      0)     0.002 (     0      0)
"a_i:chem_read_restart"                     -       1408     1408 1.408000e+03   2.842507e+00     0.003 (    66      0)     0.002 (   859      0)
"a_i:PIO:get_att_file_vid_0d_double"        -       1408     1408 4.224000e+03   1.613426e-01     0.000 (   266      0)     0.000 (  1131      0)
"a_i:read_prescribed_aero_restart"          -       1408     1408 1.408000e+03   7.348201e-01     0.001 (   750      0)     0.001 (  1059      0)
"a_i:PIO:get_var_1d_int"                    -       1408     1408 6.054400e+04   4.712803e+04    33.473 (  1291      0)    33.471 (   450      0)
"a_i:PIO:closefile"                         -       1408     1408 7.321600e+04   5.061502e+00     0.012 (     0      0)     0.003 (     3      0)
"a_i:PIO:PIOc_closefile"                    -       1408     1408 7.321600e+04   4.944542e+00     0.012 (     0      0)     0.003 (  1089      0)
"a_i:clean_iodesc_list"                     -       1408     1408 1.408000e+03   3.428490e-01     0.009 (  1024      0)     0.000 (   784      0)
"a_i:PIO:freedecomp"                        -       1408     1408 8.448000e+03   3.688380e-01     0.009 (   960      0)     0.000 (   784      0)
"a_i:PIO:PIOc_freedecomp"                   -       1408     1408 8.448000e+03   2.768296e-01     0.009 (   960      0)     0.000 (   784      0)
"a_i:phys_init"                             -       1408     1408 1.408000e+03   8.171439e+04    58.037 (  1041      0)    58.027 (   960      0)
"a_i:rad_cnst_init"                         -       1408     1408 1.408000e+03   3.837398e+02     0.277 (   387      0)     0.265 (   512      0)
"a_i:PIO:get_var_5d_double"                 -       1408     1408 2.816000e+04   4.213178e+01     0.031 (   672      0)     0.028 (    63      0)
"a_i:PIO:get_var_2d_double"                 -       1408     1408 5.209600e+04   1.293287e+01     0.009 (    73      0)     0.009 (  1040      0)
"a_i:PIO:get_var_0d_double"                 -       1408     1408 9.433600e+04   1.135068e+02     0.089 (   704      0)     0.072 (   552      0)
"a_i:PIO:get_vara_1d_double"                -       1408     1408 6.054400e+04   1.248100e+01     0.009 (     8      0)     0.008 (   175      0)
"a_i:solar_data_init"                       -       1408     1408 1.408000e+03   4.018923e+01     0.029 (    64      0)     0.029 (   721      0)
"a_i:PIO:get_vara_2d_double"                -       1408     1408 4.435200e+05   5.173770e+03     3.677 (   712      0)     3.662 (     0      0)
"a_i:chem_init"                             -       1408     1408 1.408000e+03   6.591055e+04    46.813 (   705      0)    46.809 (   704      0)
"a_i:PIO:pio_inq_vardimid_file_vdesc"       -       1408     1408 2.689280e+05   1.476307e+01     0.013 (   267      0)     0.009 (   574      0)
"a_i:PIO:pio_inq_vardimid_file_vid"         -       1408     1408 3.942400e+05   2.053144e+01     0.017 (   267      0)     0.013 (  1323      0)
"a_i:PIO:pio_inquire_variable_file_vdesc"   -       1408     1408 2.506240e+05   8.947790e+00     0.007 (   131      0)     0.005 (  1341      0)
"a_i:PIO:pio_inquire_variable_file_vid"     -       1408     1408 2.506240e+05   8.896647e+00     0.007 (   131      0)     0.005 (  1341      0)
"a_i:PIO:pio_inq_varndims_file_vid"         -       1408     1408 5.589760e+05   1.321077e+01     0.010 (   929      0)     0.008 (  1096      0)
"a_i:PIO:pio_inquire_file"                  -       1408     1408 4.505600e+04   1.334943e+00     0.002 (  1100      0)     0.000 (     0      0)
"a_i:PIO:pio_inq_nvars_file"                -       1408     1408 4.505600e+04   1.268537e+00     0.002 (  1100      0)     0.000 (     0      0)
"a_i:PIO:pio_inq_varname_file_vid"          -       1408     1408 1.605120e+05   2.146389e+00     0.002 (    69      0)     0.001 (   213      0)
"a_i:PIO:pio_inq_varndims_file_vdesc"       -       1408     1408 2.816000e+03   1.784560e-02     0.000 (   337      0)     0.000 (   941      0)
"a_i:PIO:get_var_3d_double"                 -       1408     1408 2.816000e+03   6.969702e+00     0.005 (   448      0)     0.005 (    18      0)
"a_i:prescribed_volcaero_init"              -       1408     1408 1.408000e+03   1.189075e-02     0.000 (   148      0)     0.000 (  1146      0)
"a_i:init_ocean_data"                       -       1408     1408 1.408000e+03   2.946963e+02     0.210 (   965      0)     0.209 (   704      0)
"a_i:radiation_init"                        -       1408     1408 1.408000e+03   9.306574e+02     0.707 (  1232      0)     0.649 (   389      0)
"a_i:tropopause_init"                       -       1408     1408 1.408000e+03   4.622911e+02     0.478 (   146      0)     0.062 (  1216      0)
"a_i:PIO:get_vara_3d_double"                -       1408     1408 6.899200e+04   1.716596e+03     1.220 (   912      0)     1.211 (     0      0)
"CPL:comp_init_cc_lnd"                      -       1408     1408 1.408000e+03   3.338503e+04    23.712 (  1035      0)    23.711 (  1052      0)
"l_i:comp_init"                             -       1408     1408 1.408000e+03   3.330644e+04    23.711 (    63      0)    23.652 (  1026      0)
"l_i:elm_init1"                             -       1408     1408 1.408000e+03   3.705962e+03     2.636 (  1164      0)     2.594 (     0      0)
"l_i:PIO:openfile"                          -       1408     1408 4.224000e+04   1.142921e+03     0.892 (   842      0)     0.656 (   192      0)
"l_i:PIO:pio_inq_dimid_file_dimid"          -       1408     1408 1.084160e+05   6.904903e+01     0.052 (   158      0)     0.001 (     0      0)
"l_i:PIO:pio_inq_dimlen_file_dimid"         -       1408     1408 1.116544e+06   3.778030e+01     0.049 (    16      0)     0.011 (   705      0)
"l_i:PIO:pio_inq_dimlen_file_dimid_offlen"  -       1408     1408 1.116544e+06   3.755784e+01     0.049 (    16      0)     0.010 (   705      0)
"l_i:PIO:pio_inq_varid_file_vdesc"          -       1408     1408 1.185536e+06   5.715209e+01     0.122 (     3      0)     0.013 (  1088      0)
"l_i:PIO:pio_inq_varid_file_vid"            -       1408     1408 1.185536e+06   5.616848e+01     0.122 (     3      0)     0.013 (  1280      0)
"l_i:PIO:get_var_2d_int"                    -       1408     1408 1.408000e+03   6.837829e+00     0.005 (  1216      0)     0.004 (  1262      0)
"l_i:PIO:PIOc_get_vars_tc"                  -       1408     1408 4.632320e+05   3.474496e+02     0.255 (    40      0)     0.179 (   713      0)
"l_i:PIO:closefile"                         -       1408     1408 3.238400e+04   2.536070e+00     0.152 (   192      0)     0.001 (   921      0)
"l_i:PIO:PIOc_closefile"                    -       1408     1408 3.238400e+04   2.495989e+00     0.152 (   192      0)     0.001 (   600      0)
"l_i:PIO:pio_inq_varndims_file_vdesc"       -       1408     1408 6.786560e+05   1.950469e+01     0.032 (     5      0)     0.005 (  1383      0)
"l_i:PIO:pio_inq_varndims_file_vid"         -       1408     1408 6.786560e+05   1.936650e+01     0.032 (     5      0)     0.005 (  1383      0)
"l_i:PIO:pio_inq_vardimid_file_vdesc"       -       1408     1408 6.786560e+05   5.372544e+01     0.079 (     2      0)     0.016 (   757      0)
"l_i:PIO:pio_inq_vardimid_file_vid"         -       1408     1408 6.786560e+05   5.357805e+01     0.079 (     2      0)     0.016 (   757      0)
"l_i:PIO:pio_inq_dimname_file_dimid"        -       1408     1408 2.770944e+06   8.881091e+01     0.110 (    33      0)     0.029 (   705      0)
"l_i:PIO:initdecomp"                        -       1408     1408 5.491200e+04   2.819898e+02     0.288 (     1      0)     0.154 (  1405      0)
"l_i:PIO:PIOc_initdecomp"                   -       1408     1408 5.491200e+04   2.817607e+02     0.288 (     1      0)     0.153 (  1405      0)
"l_i:PIO:box_rearrange_create"              -       1408     1408 5.491200e+04   2.021200e+02     0.144 (    32      0)     0.143 (   709      0)
"l_i:PIO:pio_swapm"                         -       1408     1408 8.405760e+05   2.707093e+04    19.580 (  1343      0)     3.167 (   704      0)
"l_i:PIO:read_darray_1d_double"             -       1408     1408 3.618560e+05   5.268127e+03     3.795 (   704      0)     3.630 (     2      0)
"l_i:PIO:PIOc_read_darray"                  -       1408     1408 6.758400e+05   2.730079e+04    19.496 (   704      0)    19.153 (     2      0)
"l_i:PIO:read_darray_nc"                    -       1408     1408 6.758400e+05   3.398576e+02    16.345 (   704      0)     0.000 (   473      0)
"l_i:PIO:rearrange_io2comp"                 -       1408     1408 6.758400e+05   2.690154e+04    19.451 (  1343      0)     3.107 (   704      0)
"l_i:PIO:pio_inquire_file"                  -       1408     1408 1.053184e+06   2.423723e+01     0.030 (     4      0)     0.008 (   704      0)
"l_i:PIO:pio_inq_ndims_file"                -       1408     1408 1.053184e+06   2.402424e+01     0.030 (     4      0)     0.008 (   704      0)
"l_i:PIO:get_var_2d_double"                 -       1408     1408 1.971200e+04   2.651655e+01     0.020 (    32      0)     0.018 (  1330      0)
"l_i:PIO:read_darray_1d_int"                -       1408     1408 1.408000e+04   1.509972e+02     0.111 (   896      0)     0.101 (     6      0)
"l_i:PIO:read_darray_3d_double"             -       1408     1408 4.224000e+04   1.991382e+03     1.422 (   768      0)     1.394 (     5      0)
"l_i:PIO:read_darray_3d_int"                -       1408     1408 1.408000e+03   5.452433e+01     0.039 (  1276      0)     0.037 (    15      0)
"l_i:PIO:read_darray_4d_double"             -       1408     1408 1.971200e+04   1.098856e+03     0.785 (  1151      0)     0.773 (     3      0)
"l_i:PIO:get_var_1d_text"                   -       1408     1408 2.816000e+03   1.510674e+00     0.001 (     0      0)     0.001 (   695      0)
"l_i:PIO:get_var_1d_double"                 -       1408     1408 2.196480e+05   4.474259e+01     0.033 (     0      0)     0.031 (    47      0)
"l_i:PIO:get_var_1d_int"                    -       1408     1408 7.040000e+03   1.589440e+00     0.001 (    94      0)     0.001 (   322      0)
"l_i:PIO:get_var_0d_double"                 -       1408     1408 1.492480e+05   2.884444e+01     0.022 (     0      0)     0.018 (  1343      0)
"l_i:PIO:read_darray_2d_double"             -       1408     1408 2.196480e+05   1.863698e+04    13.280 (   704      0)    13.149 (     2      0)
"l_i:PIO:read_darray_2d_int"                -       1408     1408 5.632000e+03   9.294833e+01     0.067 (  1280      0)     0.064 (   133      0)
"l_i:gather_1darray_int_total"              -       1408     1408 7.040000e+03   2.669403e+01     0.029 (     0      0)     0.010 (   106      0)
"l_i:scatter_1darray_int_total"             -       1408     1408 7.040000e+03   3.031026e+01     0.030 (    64      0)     0.010 (     0      0)
"l_i:init_filters"                          -       1408     1408 1.408000e+03   9.366182e-02     0.000 (   333      0)     0.000 (  1159      0)
"l_i:elm_init2"                             -       1408     1408 1.408000e+03   2.951089e+04    20.960 (     0      0)    20.959 (     6      0)
"l_i:PIO:get_var_0d_int"                    -       1408     1408 5.772800e+04   2.602207e+02     0.193 (     0      0)     0.116 (   713      0)
"l_i:init_orbd"                             -       1408     1408 1.408000e+03   6.870566e-02     0.000 (   279      0)     0.000 (   913      0)
"l_i:PIO:get_var_3d_double"                 -       1408     1408 5.632000e+03   6.603247e+00     0.005 (   376      0)     0.004 (  1281      0)
"l_i:init_accflds"                          -       1408     1408 1.408000e+03   1.728564e-01     0.001 (   253      0)     0.000 (   681      0)
"l_i:init_dyn_subgrid"                      -       1408     1408 1.408000e+03   5.530657e-01     0.001 (   202      0)     0.000 (   940      0)
"l_i:hdmdyn_strd_adv_total"                 -       1408     1408 1.408000e+03   6.306858e+02     0.448 (  1031      0)     0.447 (  1003      0)
"l_i:hdmdyn_strd_adv_readLBUB"              -       1408     1408 1.408000e+03   6.280580e+02     0.447 (   576      0)     0.445 (  1227      0)
"l_i:hdmdyn_readLBUB_setup"                 -       1408     1408 1.408000e+03   5.719700e-04     0.000 (  1104      0)     0.000 (    53      0)
"l_i:hdmdyn_readLBUB_fbound"                -       1408     1408 1.408000e+03   3.711343e-01     0.371 (     0      0)     0.000 (   657      0)
"l_i:hdmdyn_readLBUB_bcast"                 -       1408     1408 1.408000e+03   5.216575e+02     0.371 (   450      0)     0.000 (     0      0)
"l_i:hdmdyn_readLBUB_LB_setup"              -       1408     1408 1.408000e+03   5.550350e-04     0.000 (     0      0)     0.000 (   614      0)
"l_i:hdmdyn_readLBUB_LB_readpio"            -       1408     1408 1.408000e+03   1.027048e+02     0.073 (    73      0)     0.073 (    68      0)
"l_i:PIO:pio_inq_vartype_file_vdesc"        -       1408     1408 1.126400e+04   1.864751e-01     0.000 (   449      0)     0.000 (     0      0)
"l_i:PIO:pio_inq_vartype_file_vid"          -       1408     1408 1.126400e+04   1.797315e-01     0.000 (   194      0)     0.000 (     0      0)
"l_i:PIO:read_darray_1d_real"               -       1408     1408 1.126400e+04   7.983658e+00     0.006 (    57      0)     0.005 (  1153      0)
"l_i:hdmdyn_readLBUB_UB_setup"              -       1408     1408 1.408000e+03   3.737240e-04     0.000 (     0      0)     0.000 (  1076      0)
"l_i:hdmdyn_readLBUB_UB_readpio"            -       1408     1408 1.408000e+03   2.759892e+00     0.002 (   385      0)     0.001 (    73      0)
"l_i:hdmdyn_readLBUB_filemgt"               -       1408     1408 1.408000e+03   1.954480e-04     0.000 (  1192      0)     0.000 (    72      0)
"l_i:hdmdyn_strd_adv_rearr"                 -       1408     1408 1.408000e+03   2.283623e+00     0.002 (   897      0)     0.002 (   630      0)
"l_i:hdmdyn_strd_adv_tint"                  -       1408     1408 1.408000e+03   9.696537e-02     0.000 (   464      0)     0.000 (  1091      0)
"l_i:lnfmdyn_strd_adv_total"                -       1408     1408 1.408000e+03   3.346304e+02     0.238 (   776      0)     0.237 (    40      0)
"l_i:lnfmdyn_strd_adv_readLBUB"             -       1408     1408 1.408000e+03   3.093512e+02     0.220 (    57      0)     0.219 (   837      0)
"l_i:lnfmdyn_readLBUB_setup"                -       1408     1408 1.408000e+03   6.278930e-04     0.000 (   215      0)     0.000 (   571      0)
"l_i:lnfmdyn_readLBUB_fbound"               -       1408     1408 1.408000e+03   2.153259e-01     0.215 (     0      0)     0.000 (   162      0)
"l_i:lnfmdyn_readLBUB_bcast"                -       1408     1408 1.408000e+03   3.031920e+02     0.216 (   969      0)     0.000 (     0      0)
"l_i:lnfmdyn_readLBUB_LB_setup"             -       1408     1408 1.408000e+03   5.601080e-04     0.000 (     0      0)     0.000 (    12      0)
"l_i:lnfmdyn_readLBUB_LB_readpio"           -       1408     1408 1.408000e+03   5.289821e+00     0.004 (    59      0)     0.004 (  1345      0)
"l_i:lnfmdyn_readLBUB_UB_setup"             -       1408     1408 1.408000e+03   3.899760e-04     0.000 (     0      0)     0.000 (   750      0)
"l_i:lnfmdyn_readLBUB_UB_readpio"           -       1408     1408 1.408000e+03   6.074837e-01     0.000 (   769      0)     0.000 (  1276      0)
"l_i:lnfmdyn_readLBUB_filemgt"              -       1408     1408 1.408000e+03   1.847280e-04     0.000 (  1213      0)     0.000 (   146      0)
"l_i:lnfmdyn_strd_adv_map"                  -       1408     1408 1.408000e+03   2.525359e+01     0.018 (  1155      0)     0.018 (    30      0)
"l_i:lnfmdyn_strd_adv_tint"                 -       1408     1408 1.408000e+03   1.490385e-02     0.000 (   874      0)     0.000 (   640      0)
"l_i:subgridRest_write-read"                -       1408     1408 1.408000e+03   8.496401e+02     0.604 (   704      0)     0.603 (     2      0)
"l_i:init_ndep"                             -       1408     1408 1.408000e+03   6.825768e+02     0.485 (   325      0)     0.484 (  1024      0)
"l_i:ndepdyn_strd_adv_total"                -       1408     1408 1.408000e+03   2.957557e+01     0.022 (   642      0)     0.020 (   807      0)
"l_i:ndepdyn_strd_adv_readLBUB"             -       1408     1408 1.408000e+03   2.292669e+01     0.017 (  1088      0)     0.015 (   807      0)
"l_i:ndepdyn_readLBUB_setup"                -       1408     1408 1.408000e+03   5.562510e-04     0.000 (    11      0)     0.000 (   766      0)
"l_i:ndepdyn_readLBUB_fbound"               -       1408     1408 1.408000e+03   1.172256e-02     0.012 (     0      0)     0.000 (   230      0)
"l_i:ndepdyn_readLBUB_bcast"                -       1408     1408 1.408000e+03   1.565643e+01     0.012 (  1088      0)     0.000 (     0      0)
"l_i:ndepdyn_readLBUB_LB_setup"             -       1408     1408 1.408000e+03   5.399560e-04     0.000 (     0      0)     0.000 (  1162      0)
"l_i:ndepdyn_readLBUB_LB_readpio"           -       1408     1408 1.408000e+03   6.567049e+00     0.005 (    57      0)     0.005 (   769      0)
"l_i:ndepdyn_readLBUB_UB_setup"             -       1408     1408 1.408000e+03   3.061140e-04     0.000 (     0      0)     0.000 (   309      0)
"l_i:ndepdyn_readLBUB_UB_readpio"           -       1408     1408 1.408000e+03   6.180283e-01     0.000 (   897      0)     0.000 (     0      0)
"l_i:ndepdyn_readLBUB_filemgt"              -       1408     1408 1.408000e+03   2.097580e-04     0.000 (   816      0)     0.000 (   580      0)
"l_i:ndepdyn_strd_adv_map"                  -       1408     1408 1.408000e+03   6.561599e+00     0.005 (   265      0)     0.005 (   243      0)
"l_i:ndepdyn_strd_adv_tint"                 -       1408     1408 1.408000e+03   7.927652e-02     0.000 (   841      0)     0.000 (   202      0)
"l_i:init_pdep"                             -       1408     1408 1.408000e+03   3.171063e+02     0.225 (  1276      0)     0.225 (   384      0)
"l_i:pdepdyn_strd_adv_total"                -       1408     1408 1.408000e+03   9.777819e+00     0.008 (  1088      0)     0.006 (   125      0)
"l_i:pdepdyn_strd_adv_readLBUB"             -       1408     1408 1.408000e+03   8.335808e+00     0.007 (   528      0)     0.005 (    89      0)
"l_i:pdepdyn_readLBUB_setup"                -       1408     1408 1.408000e+03   5.728830e-04     0.000 (   328      0)     0.000 (   638      0)
"l_i:pdepdyn_readLBUB_fbound"               -       1408     1408 1.408000e+03   2.680881e-03     0.002 (     0      0)     0.000 (    58      0)
"l_i:pdepdyn_readLBUB_bcast"                -       1408     1408 1.408000e+03   3.454792e+00     0.003 (   338      0)     0.000 (     0      0)
"l_i:pdepdyn_readLBUB_LB_setup"             -       1408     1408 1.408000e+03   4.575880e-04     0.000 (     0      0)     0.000 (   112      0)
"l_i:pdepdyn_readLBUB_LB_readpio"           -       1408     1408 1.408000e+03   4.232622e+00     0.003 (  1344      0)     0.003 (   807      0)
"l_i:pdepdyn_readLBUB_UB_setup"             -       1408     1408 1.408000e+03   3.932780e-04     0.000 (     0      0)     0.000 (  1174      0)
"l_i:pdepdyn_readLBUB_UB_readpio"           -       1408     1408 1.408000e+03   5.698958e-01     0.000 (   807      0)     0.000 (     0      0)
"l_i:pdepdyn_readLBUB_filemgt"              -       1408     1408 1.408000e+03   2.198990e-04     0.000 (  1210      0)     0.000 (   277      0)
"l_i:pdepdyn_strd_adv_map"                  -       1408     1408 1.408000e+03   1.354483e+00     0.001 (    70      0)     0.001 (    56      0)
"l_i:pdepdyn_strd_adv_tint"                 -       1408     1408 1.408000e+03   7.887632e-02     0.000 (   727      0)     0.000 (   482      0)
"l_i:init_elm_interface_data & pflotran"    -       1408     1408 1.408000e+03   9.553900e-05     0.000 (   395      0)     0.000 (   119      0)
"l_i:init_wlog"                             -       1408     1408 1.408000e+03   1.941390e-04     0.000 (     0      0)     0.000 (    23      0)
"l_i:elm_init3"                             -       1408     1408 1.408000e+03   4.109703e+00     0.059 (     7      0)     0.000 (  1216      0)
"CPL:comp_init_cc_rof"                      -       1408     1408 1.408000e+03   1.118904e+03     0.795 (   329      0)     0.794 (  1039      0)
"r_i:comp_init"                             -       1408     1408 1.408000e+03   1.117153e+03     0.794 (   329      0)     0.793 (    40      0)
"r_i:PIO:openfile"                          -       1408     1408 5.632000e+03   1.561614e+02     0.119 (    15      0)     0.108 (   863      0)
"r_i:PIO:pio_inq_varid_file_vdesc"          -       1408     1408 9.996800e+04   4.829105e+00     0.006 (    69      0)     0.001 (  1024      0)
"r_i:PIO:pio_inq_varid_file_vid"            -       1408     1408 9.996800e+04   4.449791e+00     0.006 (    69      0)     0.001 (   704      0)
"r_i:PIO:get_var_0d_int"                    -       1408     1408 1.126400e+04   4.358725e+00     0.003 (  1344      0)     0.003 (   733      0)
"r_i:PIO:PIOc_get_vars_tc"                  -       1408     1408 2.252800e+04   3.832381e+01     0.028 (  1248      0)     0.027 (   709      0)
"r_i:PIO:closefile"                         -       1408     1408 5.632000e+03   2.049920e+00     0.003 (   576      0)     0.001 (   749      0)
"r_i:PIO:PIOc_closefile"                    -       1408     1408 5.632000e+03   2.043448e+00     0.003 (   576      0)     0.001 (   749      0)
"r_i:mosarti_grid"                          -       1408     1408 1.408000e+03   1.366164e+02     0.098 (   546      0)     0.096 (   771      0)
"r_i:PIO:pio_inq_dimid_file_dimid"          -       1408     1408 9.856000e+03   5.554531e-02     0.000 (   541      0)     0.000 (     0      0)
"r_i:PIO:pio_inq_dimlen_file_dimid"         -       1408     1408 1.070080e+05   1.127562e+00     0.001 (     4      0)     0.001 (   687      0)
"r_i:PIO:pio_inq_dimlen_file_dimid_offlen"  -       1408     1408 1.070080e+05   1.106167e+00     0.001 (     4      0)     0.001 (   687      0)
"r_i:PIO:get_var_2d_double"                 -       1408     1408 4.224000e+03   2.202527e+01     0.016 (    64      0)     0.015 (   759      0)
"r_i:PIO:get_var_2d_int"                    -       1408     1408 2.816000e+03   1.339312e+01     0.010 (   464      0)     0.009 (   903      0)
"r_i:mosarti_decomp"                        -       1408     1408 1.408000e+03   1.375274e+01     0.011 (   588      0)     0.009 (  1197      0)
"r_i:mosarti_dec_basins"                    -       1408     1408 1.408000e+03   7.812406e+00     0.007 (   588      0)     0.005 (    32      0)
"r_i:mosarti_dec_distr"                     -       1408     1408 1.408000e+03   2.473912e+00     0.002 (   538      0)     0.002 (   813      0)
"r_i:mosarti_print"                         -       1408     1408 1.408000e+03   3.346775e+00     0.004 (   943      0)     0.001 (   588      0)
"r_i:mosarti_vars"                          -       1408     1408 1.408000e+03   3.415315e+02     0.243 (   627      0)     0.243 (  1392      0)
"r_i:mosarti_mosart_init"                   y          0        0 0.000000e+00   0.000000e+00     0.000 (     0      0)     0.000 (     0      0)
"r_i:PIO:pio_inq_vardimid_file_vdesc"       -       1408     1408 5.209600e+04   5.024200e+00     0.006 (    60      0)     0.001 (   761      0)
"r_i:PIO:pio_inq_vardimid_file_vid"         -       1408     1408 5.209600e+04   5.013029e+00     0.006 (    60      0)     0.001 (   761      0)
"r_i:PIO:initdecomp"                        -       1408     1408 4.224000e+03   1.545393e+01     0.011 (   577      0)     0.010 (   719      0)
"r_i:PIO:PIOc_initdecomp"                   -       1408     1408 4.224000e+03   1.543830e+01     0.011 (   323      0)     0.010 (   719      0)
"r_i:PIO:box_rearrange_create"              -       1408     1408 4.224000e+03   1.487420e+01     0.011 (    38      0)     0.010 (   767      0)
"r_i:PIO:pio_swapm"                         -       1408     1408 8.870400e+04   2.084761e+02     0.158 (   703      0)     0.058 (     0      0)
"r_i:PIO:read_darray_1d_double"             -       1408     1408 7.180800e+04   3.529178e+02     0.258 (  1344      0)     0.240 (    66      0)
"r_i:PIO:PIOc_read_darray"                  -       1408     1408 7.603200e+04   3.775887e+02     0.275 (  1344      0)     0.258 (    66      0)
"r_i:PIO:read_darray_nc"                    -       1408     1408 7.603200e+04   1.710603e+02     0.195 (     0      0)     0.120 (   837      0)
"r_i:PIO:rearrange_io2comp"                 -       1408     1408 7.603200e+04   1.951120e+02     0.148 (   703      0)     0.052 (     0      0)
"r_i:PIO:read_darray_1d_int"                -       1408     1408 4.224000e+03   2.477421e+01     0.018 (   448      0)     0.017 (   971      0)
"r_i:PIO:freedecomp"                        -       1408     1408 2.816000e+03   1.103376e+00     0.002 (     0      0)     0.000 (   904      0)
"r_i:PIO:PIOc_sync"                         -       1408     1408 2.816000e+03   8.771852e-01     0.001 (     3      0)     0.000 (   960      0)
"r_i:PIO:PIOc_freedecomp"                   -       1408     1408 2.816000e+03   5.909886e-02     0.002 (     0      0)     0.000 (  1386      0)
"r_i:mosarti_restart"                       -       1408     1408 1.408000e+03   1.936935e+02     0.138 (   448      0)     0.137 (   121      0)
"r_i:PIO:pio_inq_varndims_file_vdesc"       -       1408     1408 5.068800e+04   8.872410e-01     0.002 (     0      0)     0.000 (  1345      0)
"r_i:PIO:pio_inq_varndims_file_vid"         -       1408     1408 5.068800e+04   8.773102e-01     0.002 (     0      0)     0.000 (  1345      0)
"r_i:PIO:pio_inq_vartype_file_vdesc"        -       1408     1408 5.068800e+04   3.574210e+00     0.006 (     0      0)     0.001 (  1337      0)
"r_i:PIO:pio_inq_vartype_file_vid"          -       1408     1408 5.068800e+04   3.564435e+00     0.006 (     0      0)     0.001 (  1339      0)
"r_i:PIO:pio_inq_dimname_file_dimid"        -       1408     1408 2.478080e+05   4.905383e+00     0.006 (    74      0)     0.002 (   590      0)
"r_i:PIO:pio_inquire_file"                  -       1408     1408 9.856000e+04   4.571046e-01     0.000 (    65      0)     0.000 (  1051      0)
"r_i:PIO:pio_inq_ndims_file"                -       1408     1408 9.856000e+04   4.379065e-01     0.000 (    65      0)     0.000 (  1051      0)
"r_i:PIO:get_var_1d_double"                 -       1408     1408 4.224000e+03   2.338658e+00     0.002 (     0      0)     0.001 (   878      0)
"r_i:mosarti_histinit"                      -       1408     1408 1.408000e+03   1.296900e+00     0.001 (   849      0)     0.000 (   896      0)
"CPL:comp_init_cc_ocn"                      -       1408     1408 1.408000e+03   1.507654e+03     1.072 (  1286      0)     1.069 (   768      0)
"o_i:comp_init"                             -       1408     1408 1.408000e+03   1.506913e+03     1.072 (  1286      0)     1.069 (    86      0)
"o_i:docn_readnml"                          -       1408     1408 1.408000e+03   9.046981e+01     0.065 (   591      0)     0.061 (     0      0)
"o_i:DOCN_INIT"                             -       1408     1408 1.408000e+03   1.415991e+03     1.007 (  1288      0)     1.004 (  1407      0)
"o_i:docn_strdata_init"                     -       1408     1408 1.408000e+03   1.384554e+03     0.986 (   876      0)     0.982 (     5      0)
"o_i:PIO:initdecomp"                        -       1408     1408 4.224000e+03   9.807898e+00     0.008 (     1      0)     0.006 (     0      0)
"o_i:PIO:PIOc_initdecomp"                   -       1408     1408 4.224000e+03   9.798547e+00     0.008 (     2      0)     0.006 (     0      0)
"o_i:PIO:box_rearrange_create"              -       1408     1408 4.224000e+03   8.885062e+00     0.006 (    42      0)     0.006 (  1343      0)
"o_i:PIO:pio_swapm"                         -       1408     1408 1.548800e+04   1.182840e+01     0.009 (   703      0)     0.005 (     0      0)
"o_i:docn_initgsmaps"                       -       1408     1408 1.408000e+03   1.905488e-01     0.000 (   960      0)     0.000 (     3      0)
"o_i:docn_initmctdom"                       -       1408     1408 1.408000e+03   6.422934e-02     0.000 (   960      0)     0.000 (  1076      0)
"o_i:docn_initmctavs"                       -       1408     1408 1.408000e+03   1.119178e-01     0.000 (  1283      0)     0.000 (   957      0)
"o_i:DOCN_RUN"                              -       1408     1408 1.408000e+03   2.988136e+01     0.023 (  1281      0)     0.017 (     0      0)
"o_i:docn_run1"                             -       1408     1408 1.408000e+03   1.612646e-03     0.000 (  1224      0)     0.000 (   489      0)
"o_i:docn"                                  -       1408     1408 1.408000e+03   2.987684e+01     0.023 (  1281      0)     0.017 (     0      0)
"o_i:docn_strdata_advance"                  -       1408     1408 1.408000e+03   2.954248e+01     0.022 (  1042      0)     0.017 (     0      0)
"o_i:docn_strd_adv_total"                   -       1408     1408 1.408000e+03   2.953886e+01     0.022 (  1042      0)     0.017 (     0      0)
"o_i:docn_strd_adv_readLBUB"                -       1408     1408 1.408000e+03   1.954699e+01     0.015 (   704      0)     0.011 (     0      0)
"o_i:docn_readLBUB_setup"                   -       1408     1408 1.408000e+03   4.748260e-04     0.000 (   480      0)     0.000 (   153      0)
"o_i:docn_readLBUB_fbound"                  -       1408     1408 1.408000e+03   1.907790e-04     0.000 (     0      0)     0.000 (  1145      0)
"o_i:docn_readLBUB_bcast"                   -       1408     1408 1.408000e+03   3.898583e+00     0.003 (   716      0)     0.000 (     0      0)
"o_i:docn_readLBUB_LB_setup"                -       1408     1408 1.408000e+03   5.112770e-04     0.000 (     0      0)     0.000 (    30      0)
"o_i:docn_readLBUB_LB_readpio"              -       1408     1408 1.408000e+03   1.353346e+01     0.010 (   832      0)     0.010 (   385      0)
"o_i:PIO:openfile"                          -       1408     1408 1.408000e+03   1.062080e+01     0.008 (     0      0)     0.007 (   511      0)
"o_i:PIO:pio_inq_varid_file_vdesc"          -       1408     1408 5.632000e+03   5.912944e-02     0.000 (  1120      0)     0.000 (  1182      0)
"o_i:PIO:pio_inq_varid_file_vid"            -       1408     1408 5.632000e+03   5.717915e-02     0.000 (  1120      0)     0.000 (  1182      0)
"o_i:PIO:pio_inq_varndims_file_vdesc"       -       1408     1408 2.816000e+03   2.348880e-02     0.000 (  1093      0)     0.000 (   148      0)
"o_i:PIO:pio_inq_varndims_file_vid"         -       1408     1408 2.816000e+03   2.162595e-02     0.000 (   209      0)     0.000 (   142      0)
"o_i:PIO:pio_inq_vardimid_file_vdesc"       -       1408     1408 2.816000e+03   1.810744e-01     0.000 (   949      0)     0.000 (   293      0)
"o_i:PIO:pio_inq_vardimid_file_vid"         -       1408     1408 2.816000e+03   1.795311e-01     0.000 (   949      0)     0.000 (   293      0)
"o_i:PIO:pio_inq_dimlen_file_dimid"         -       1408     1408 8.448000e+03   6.126685e-02     0.000 (   789      0)     0.000 (   890      0)
"o_i:PIO:pio_inq_dimlen_file_dimid_offlen"  -       1408     1408 8.448000e+03   5.841117e-02     0.000 (   263      0)     0.000 (   890      0)
"o_i:PIO:pio_inq_vartype_file_vdesc"        -       1408     1408 2.816000e+03   2.218545e-02     0.000 (   710      0)     0.000 (   186      0)
"o_i:PIO:pio_inq_vartype_file_vid"          -       1408     1408 2.816000e+03   2.002606e-02     0.000 (   709      0)     0.000 (   186      0)
"o_i:PIO:read_darray_1d_real"               -       1408     1408 2.816000e+03   4.095307e+00     0.003 (     0      0)     0.003 (   961      0)
"o_i:PIO:PIOc_read_darray"                  -       1408     1408 2.816000e+03   4.087459e+00     0.003 (     0      0)     0.003 (   961      0)
"o_i:PIO:read_darray_nc"                    -       1408     1408 2.816000e+03   6.080131e-02     0.003 (     0      0)     0.000 (  1118      0)
"o_i:PIO:rearrange_io2comp"                 -       1408     1408 2.816000e+03   3.845268e+00     0.003 (    61      0)     0.000 (   896      0)
"o_i:docn_readLBUB_UB_setup"                -       1408     1408 1.408000e+03   3.958680e-04     0.000 (     0      0)     0.000 (    48      0)
"o_i:docn_readLBUB_UB_readpio"              -       1408     1408 1.408000e+03   2.082181e+00     0.002 (   385      0)     0.001 (  1024      0)
"o_i:docn_readLBUB_filemgt"                 -       1408     1408 1.408000e+03   2.026790e-04     0.000 (  1405      0)     0.000 (   997      0)
"o_i:docn_strd_adv_fill"                    -       1408     1408 1.408000e+03   9.894999e-02     0.000 (   432      0)     0.000 (   384      0)
"o_i:docn_strd_adv_map"                     -       1408     1408 1.408000e+03   9.869880e+00     0.007 (   650      0)     0.006 (  1407      0)
"o_i:docn_strd_adv_tint"                    -       1408     1408 1.408000e+03   1.174276e-02     0.000 (   595      0)     0.000 (   142      0)
"o_i:docn_scatter"                          -       1408     1408 1.408000e+03   2.936194e-01     0.001 (  1331      0)     0.000 (   157      0)
"o_i:docn_datamode"                         -       1408     1408 1.408000e+03   1.557388e-02     0.000 (  1307      0)     0.000 (  1213      0)
"o_i:docn_run2"                             -       1408     1408 1.408000e+03   8.088800e-05     0.000 (     0      0)     0.000 (  1064      0)
"CPL:comp_init_cc_ice"                      -       1408     1408 1.408000e+03   1.119170e+04     7.950 (   768      0)     7.947 (  1281      0)
"i_i:comp_init"                             -       1408     1408 1.408000e+03   1.118968e+04     7.948 (   796      0)     7.947 (  1096      0)
"i_i:mpassi_init"                           -       1408     1408 1.408000e+03   1.015088e+04     7.236 (  1118      0)     7.142 (  1382      0)
"i_i:PIO:openfile"                          -       1408     1408 1.408000e+04   5.386608e+02     0.405 (  1382      0)     0.354 (  1308      0)
"i_i:PIO:pio_inquire_file"                  -       1408     1408 1.408000e+04   9.249101e-02     0.000 (   657      0)     0.000 (  1398      0)
"i_i:PIO:pio_inq_unlimdim_file"             -       1408     1408 1.408000e+04   7.907783e-02     0.000 (   477      0)     0.000 (  1399      0)
"i_i:PIO:pio_inq_dimlen_file_dimid"         -       1408     1408 3.505920e+05   3.852435e+00     0.003 (  1259      0)     0.003 (  1072      0)
"i_i:PIO:pio_inq_dimlen_file_dimid_offlen"  -       1408     1408 3.505920e+05   3.782506e+00     0.003 (   131      0)     0.003 (  1072      0)
"i_i:PIO:pio_inq_dimid_file_dimid"          -       1408     1408 4.787200e+04   7.917434e-01     0.001 (   927      0)     0.000 (     0      0)
"i_i:PIO:pio_inq_varid_file_vid"            -       1408     1408 2.844160e+05   4.574613e+00     0.005 (   267      0)     0.002 (     0      0)
"i_i:PIO:pio_inq_varid_file_vdesc"          -       1408     1408 1.422080e+05   1.614375e+00     0.001 (  1048      0)     0.001 (  1343      0)
"i_i:PIO:pio_inq_vartype_file_vid"          -       1408     1408 1.408000e+05   1.554935e+00     0.002 (  1328      0)     0.001 (   581      0)
"i_i:PIO:pio_inq_varndims_file_vid"         -       1408     1408 1.408000e+05   1.616216e+00     0.001 (   645      0)     0.001 (    31      0)
"i_i:PIO:pio_inq_vardimid_file_vid"         -       1408     1408 1.408000e+05   8.266826e+00     0.006 (     0      0)     0.005 (  1343      0)
"i_i:PIO:pio_inq_dimname_file_dimid"        -       1408     1408 2.970880e+05   3.084384e+00     0.002 (  1372      0)     0.002 (  1273      0)
"i_i:PIO:initdecomp"                        -       1408     1408 3.660800e+04   1.124461e+02     0.081 (     1      0)     0.079 (  1366      0)
"i_i:PIO:PIOc_initdecomp"                   -       1408     1408 3.660800e+04   1.122522e+02     0.081 (     1      0)     0.079 (  1394      0)
"i_i:PIO:box_rearrange_create"              -       1408     1408 3.660800e+04   1.094452e+02     0.078 (     6      0)     0.077 (   123      0)
"i_i:PIO:pio_swapm"                         -       1408     1408 2.252800e+05   5.591555e+02     1.005 (   218      0)     0.089 (   440      0)
"i_i:PIO:read_darray_1d_int"                -       1408     1408 1.548800e+04   2.155807e+02     0.184 (   588      0)     0.143 (  1322      0)
"i_i:PIO:PIOc_read_darray"                  -       1408     1408 1.154560e+05   4.822774e+03     3.427 (  1086      0)     3.422 (   266      0)
"i_i:PIO:read_darray_nc"                    -       1408     1408 1.154560e+05   4.025681e+03     3.306 (   758      0)     2.431 (   589      0)
"i_i:PIO:rearrange_io2comp"                 -       1408     1408 1.154560e+05   4.758809e+02     0.945 (   218      0)     0.036 (   982      0)
"i_i:PIO:read_darray_2d_int"                -       1408     1408 1.971200e+04   9.288485e+02     0.686 (  1344      0)     0.556 (   588      0)
"i_i:PIO:pio_inq_att_file_vid_offlen"       -       1408     1408 7.040000e+03   1.843732e+00     0.004 (  1406      0)     0.000 (   640      0)
"i_i:PIO:get_att_file_vid_0d_text"          -       1408     1408 5.632000e+03   8.484382e-02     0.000 (   389      0)     0.000 (   375      0)
"i_i:PIO:PIOc_get_att_tc"                   -       1408     1408 7.040000e+03   8.440687e-02     0.000 (   389      0)     0.000 (   375      0)
"i_i:PIO:get_att_file_vid_0d_double"        -       1408     1408 1.408000e+03   1.525815e-02     0.000 (  1216      0)     0.000 (   601      0)
"i_i:PIO:closefile"                         -       1408     1408 8.448000e+03   5.869771e+00     0.007 (   635      0)     0.001 (  1209      0)
"i_i:PIO:PIOc_closefile"                    -       1408     1408 8.448000e+03   5.849243e+00     0.007 (   617      0)     0.001 (  1209      0)
"i_i:PIO:get_vara_1d_text"                  -       1408     1408 4.224000e+03   2.940393e+01     0.021 (  1390      0)     0.021 (  1123      0)
"i_i:PIO:PIOc_get_vars_tc"                  -       1408     1408 2.675200e+04   4.512092e+01     0.032 (   139      0)     0.031 (   646      0)
"i_i:PIO:read_darray_1d_double"             -       1408     1408 4.928000e+04   4.390286e+02     0.449 (   440      0)     0.280 (  1344      0)
"i_i:PIO:read_darray_2d_double"             -       1408     1408 8.448000e+03   3.996153e+02     0.299 (  1280      0)     0.220 (   441      0)
"i_i:PIO:read_darray_3d_double"             -       1408     1408 2.252800e+04   2.839879e+03     2.019 (  1399      0)     2.017 (     0      0)
"i_i:analysis_bootstrap"                    -       1408     1408 1.408000e+03   8.410626e-02     0.000 (     9      0)     0.000 (   197      0)
"i_i:init_read_miscellaneous"               -       1408     1408 1.408000e+03   1.670786e-02     0.000 (   567      0)     0.000 (   973      0)
"i_i:init_read_areaVariables"               -       1408     1408 1.408000e+03   8.746332e-03     0.000 (   517      0)     0.000 (   154      0)
"i_i:init_read_pondDiagnostics"             -       1408     1408 1.408000e+03   7.739947e-03     0.000 (   558      0)     0.000 (  1016      0)
"i_i:init_read_unitConversion"              -       1408     1408 1.408000e+03   2.522933e-03     0.000 (   231      0)     0.000 (  1352      0)
"i_i:init_read_icePresent"                  -       1408     1408 1.408000e+03   1.220580e-02     0.000 (     9      0)     0.000 (   519      0)
"i_i:PIO:get_vara_2d_double"                -       1408     1408 1.689600e+04   1.195994e+01     0.009 (     8      0)     0.008 (  1330      0)
"i_i:PIO:get_vara_3d_double"                -       1408     1408 5.632000e+03   6.047528e+00     0.004 (   871      0)     0.004 (   579      0)
"i_i:analysis_init"                         -       1408     1408 1.408000e+03   1.441285e+03     1.065 (  1223      0)     1.004 (   741      0)
"i_i:init_miscellaneous"                    -       1408     1408 1.408000e+03   2.499890e-01     0.000 (  1156      0)     0.000 (   436      0)
"i_i:init_areaVariables"                    -       1408     1408 1.408000e+03   9.361180e+02     0.691 (  1223      0)     0.652 (   741      0)
"i_i:init_pondDiagnostics"                  -       1408     1408 1.408000e+03   5.044141e+02     0.375 (  1230      0)     0.351 (   741      0)
"i_i:init_unitConversion"                   -       1408     1408 1.408000e+03   2.331487e-01     0.000 (   538      0)     0.000 (  1210      0)
"i_i:init_icePresent"                       -       1408     1408 1.408000e+03   2.242066e-01     0.000 (   970      0)     0.000 (   881      0)
"i_i:seaice_init"                           -       1408     1408 1.408000e+03   8.006261e+02     0.606 (   494      0)     0.507 (  1072      0)
"i_i:Velocity solver init"                  -       1408     1408 1.408000e+03   7.159477e+02     0.559 (  1090      0)     0.398 (  1146      0)
"i_i:variational calc_metric_terms"         -       1408     1408 1.408000e+03   9.986249e-02     0.000 (  1306      0)     0.000 (  1397      0)
"i_i:variational vertices_at_vertex"        -       1408     1408 1.408000e+03   9.574863e-02     0.000 (   220      0)     0.000 (  1369      0)
"i_i:Velocity solver Wachpress init"        -       1408     1408 1.408000e+03   6.948344e+02     0.543 (  1118      0)     0.382 (  1149      0)
"i_i:variational calc_local_coords"         -       1408     1408 1.408000e+03   1.160132e-01     0.000 (   344      0)     0.000 (  1061      0)
"i_i:wachpress calc_coefficients"           -       1408     1408 1.408000e+03   2.287154e-01     0.000 (  1143      0)     0.000 (  1035      0)
"i_i:wachpress calc_derivatives"            -       1408     1408 1.408000e+03   1.141142e+01     0.011 (  1049      0)     0.006 (  1149      0)
"i_i:wachpress integrate"                   -       1408     1408 1.408000e+03   6.830472e+02     0.533 (  1118      0)     0.375 (  1149      0)
"i_i:variational denominator"               -       1408     1408 1.408000e+03   4.727163e-03     0.000 (  1059      0)     0.000 (   795      0)
"i_i:mpassi_mct_init"                       -       1408     1408 1.408000e+03   4.673584e+01     0.101 (  1382      0)     0.007 (  1118      0)
"i_i:analysis_compute_startup"              -       1408     1408 1.408000e+03   4.221379e-01     0.000 (   238      0)     0.000 (   721      0)
"i_i:compute_startup_miscellaneous"         -       1408     1408 1.408000e+03   2.611855e-01     0.000 (   238      0)     0.000 (   968      0)
"i_i:compute_startup_areaVariables"         -       1408     1408 1.408000e+03   5.722185e-02     0.000 (   955      0)     0.000 (   238      0)
"i_i:compute_startup_pondDiagnostics"       -       1408     1408 1.408000e+03   5.705876e-02     0.000 (   783      0)     0.000 (   642      0)
"CPL:comp_init_cc_glc"                      -       1408     1408 1.408000e+03   1.283360e+00     0.001 (   193      0)     0.000 (   825      0)
"g_i:comp_init"                             -       1408     1408 1.408000e+03   2.776315e-01     0.000 (   193      0)     0.000 (   130      0)
"CPL:comp_init_cc_wav"                      -       1408     1408 1.408000e+03   2.935368e-01     0.000 (   970      0)     0.000 (   193      0)
"w_i:comp_init"                             -       1408     1408 1.408000e+03   2.459008e-03     0.000 (   114      0)     0.000 (    62      0)
"CPL:comp_init_cc_esp"                      -       1408     1408 1.408000e+03   3.475089e-01     0.000 (   344      0)     0.000 (   971      0)
"e_i:comp_init"                             -       1408     1408 1.408000e+03   3.433800e-03     0.000 (  1230      0)     0.000 (   704      0)
"CPL:comp_init_cc_iac"                      -       1408     1408 1.408000e+03   1.451113e-01     0.000 (  1151      0)     0.000 (   345      0)
"z_i:comp_init"                             -       1408     1408 1.408000e+03   1.522252e-03     0.000 (  1244      0)     0.000 (   116      0)
"CPL:comp_init_cx_all"                      -       1408     1408 1.408000e+03   6.557905e+02     0.466 (  1301      0)     0.465 (  1401      0)
"CPL:comp_list_all"                         -       1408     1408 1.408000e+03   1.480885e-01     0.000 (   926      0)     0.000 (  1319      0)
"CPL:init_maps"                             -       1408     1408 1.408000e+03   3.756166e+03     2.669 (   724      0)     2.661 (     0      0)
"CPL:init_aream"                            -       1408     1408 1.408000e+03   2.461718e+02     0.177 (   745      0)     0.173 (   436      0)
"CPL:seq_map_readdata-ocn2atm"              -       1408     1408 1.408000e+03   1.071434e+02     0.078 (   745      0)     0.075 (   724      0)
"PIO:pio_inq_dimid_file_dimid"              -       1408     1408 4.224000e+03   7.462766e-01     0.001 (   577      0)     0.000 (     0      0)
"PIO:pio_inq_dimlen_file_dimid"             -       1408     1408 4.083200e+04   3.176258e-01     0.000 (   258      0)     0.000 (  1014      0)
"PIO:pio_inq_dimlen_file_dimid_offlen"      -       1408     1408 4.083200e+04   3.030661e-01     0.000 (   259      0)     0.000 (  1014      0)
"PIO:initdecomp"                            -       1408     1408 2.252800e+04   5.455396e+01     0.039 (     0      0)     0.039 (  1085      0)
"PIO:PIOc_initdecomp"                       -       1408     1408 2.252800e+04   5.450948e+01     0.039 (     0      0)     0.039 (  1387      0)
"PIO:box_rearrange_create"                  -       1408     1408 2.252800e+04   5.390730e+01     0.038 (    34      0)     0.038 (   959      0)
"PIO:pio_swapm"                             -       1408     1408 4.505600e+05   7.914334e+01     0.067 (   703      0)     0.046 (   449      0)
"PIO:read_darray_1d_double"                 -       1408     1408 3.829760e+05   1.244311e+03     0.896 (     0      0)     0.875 (   449      0)
"PIO:PIOc_read_darray"                      -       1408     1408 3.829760e+05   1.243883e+03     0.895 (     0      0)     0.875 (   449      0)
"PIO:read_darray_nc"                        -       1408     1408 3.829760e+05   1.167813e+03     0.838 (     0      0)     0.829 (  1221      0)
"PIO:rearrange_io2comp"                     -       1408     1408 3.829760e+05   3.109133e+01     0.033 (   127      0)     0.014 (   449      0)
"PIO:freedecomp"                            -       1408     1408 2.252800e+04   2.274745e-01     0.001 (     0      0)     0.000 (    23      0)
"PIO:PIOc_sync"                             -       1408     1408 2.252800e+04   1.930016e-02     0.000 (   232      0)     0.000 (   917      0)
"PIO:PIOc_freedecomp"                       -       1408     1408 2.252800e+04   8.502946e-02     0.001 (     0      0)     0.000 (   597      0)
"CPL:seq_map_readdata-atm2lnd"              -       1408     1408 1.408000e+03   1.384201e+02     0.099 (   704      0)     0.097 (   424      0)
"CPL:init_domain_check"                     -       1408     1408 1.408000e+03   5.757920e+01     0.042 (   453      0)     0.040 (     0      0)
"CPL:init_areacor"                          -       1408     1408 1.408000e+03   4.877327e+01     0.035 (     0      0)     0.034 (   237      0)
"CPL:init_fracs"                            -       1408     1408 1.408000e+03   4.840241e+00     0.004 (   973      0)     0.003 (   434      0)
"CPL:init_aoflux"                           -       1408     1408 1.408000e+03   4.716956e-01     0.001 (    71      0)     0.000 (  1407      0)
"CPL:init_atminit"                          -       1408     1408 8.448000e+03   6.691068e+00     0.005 (  1407      0)     0.004 (  1045      0)
"CPL:comp_init_cc_atm2"                     -       1408     1408 1.408000e+03   8.458729e+03     6.009 (   493      0)     6.007 (     0      0)
"a_i:atm_read_srfrest_mct"                  -       1408     1408 1.408000e+03   2.540773e+02     0.181 (  1216      0)     0.180 (   432      0)
"a_i:PIO:PIOc_sync"                         -       1408     1408 1.408000e+03   1.269110e-03     0.000 (   406      0)     0.000 (    48      0)
"a_i:cam_run1"                              -       1408     1408 1.408000e+03   8.113839e+03     5.828 (    15      0)     5.733 (   509      0)
"a_i:stepon_run1"                           -       1408     1408 1.408000e+03   2.437121e+02     0.234 (    29      0)     0.164 (   325      0)
"a_i:d_p_coupling"                          -       1408     1408 1.408000e+03   2.402816e+02     0.213 (   711      0)     0.164 (   325      0)
"a_i:dyn_to_fv_phys"                        -       1408     1408 1.408000e+03   4.158761e+00     0.004 (   278      0)     0.002 (  1351      0)
"a_i:dpcopy"                                -       1408     1408 1.408000e+03   1.337064e+02     0.127 (   384      0)     0.042 (    33      0)
"a_i:block_to_chunk"                        -       1408     1408 1.408000e+03   1.325279e+02     0.126 (   384      0)     0.041 (    33      0)
"a_i:derived_phys"                          -       1408     1408 1.408000e+03   7.843345e+00     0.070 (    33      0)     0.000 (   159      0)
"a_i:phys_run1"                             -       1408     1408 1.408000e+03   7.870121e+03     5.613 (  1150      0)     5.556 (    57      0)
"a_i:physpkg_st1"                           -       1408     1408 1.408000e+03   7.541698e+03     5.365 (   325      0)     5.295 (    28      0)
"a_i:chk_en_gmean"                          -       1408     1408 1.408000e+03   8.567416e+01     0.070 (   325      0)     0.000 (    29      0)
"a_i:gmean_fixed_repro"                     -       1408     1408 1.408000e+03   8.565645e+01     0.070 (   325      0)     0.000 (    29      0)
"a_i:phys_timestep_init"                    -       1408     1408 1.408000e+03   7.455400e+03     5.297 (     0      0)     5.294 (   128      0)
"a_i:chem_timestep_init"                    -       1408     1408 1.408000e+03   3.178896e+03     2.265 (     0      0)     2.257 (  1090      0)
"a_i:advance_trcdata"                       -       1408     1408 5.068800e+04   6.902541e+03     4.903 (   711      0)     4.902 (    32      0)
"a_i:read_next_trcdata"                     -       1408     1408 5.068800e+04   6.897181e+03     4.900 (   513      0)     4.877 (     0      0)
"a_i:interpolate_trcdata"                   -       1408     1408 5.068800e+04   5.208490e+00     0.006 (   614      0)     0.003 (   897      0)
"a_i:prescribed_volcaero_adv"               -       1408     1408 1.408000e+03   2.311984e-02     0.000 (  1298      0)     0.000 (  1158      0)
"a_i:advance_ocean_data"                    -       1408     1408 1.408000e+03   3.390820e+03     2.409 (   729      0)     2.408 (   857      0)
"a_i:read_nudging_data"                     -       1408     1408 1.413000e+03   1.875295e-01     0.187 (     0      0)     0.000 (    12      0)
"a_i:distribute_data"                       -       1408     1408 5.632000e+03   5.450780e+02     0.389 (  1391      0)     0.105 (     0      0)
"a_i:nudging_interp"                        -       1408     1408 1.408000e+03   3.677581e-02     0.000 (    58      0)     0.000 (    14      0)
"a_i:bc_physics"                            -       1408     1408 1.408000e+03   3.284144e+02     0.299 (    15      0)     0.204 (   509      0)
"a_i:diag_physvar_ic"                       -       1408     1408 1.408000e+03   6.279641e-02     0.000 (  1346      0)     0.000 (   845      0)
"a_i:cnd_diag_checkpoint"                   -       1408     1408 7.321600e+04   8.619837e-02     0.000 (   660      0)     0.000 (    19      0)
"a_i:bc_init"                               -       1408     1408 1.408000e+03   2.326758e+00     0.002 (   173      0)     0.001 (     0      0)
"a_i:energy_fixer"                          -       1408     1408 1.408000e+03   8.528428e-01     0.001 (  1375      0)     0.000 (  1303      0)
"a_i:physics_update_main"                   -       1408     1408 5.068800e+04   4.408564e+00     0.004 (     0      0)     0.003 (   649      0)
"a_i:dry_adjustment"                        -       1408     1408 1.408000e+03   3.360398e-01     0.001 (  1021      0)     0.000 (   552      0)
"a_i:moist_convection"                      -       1408     1408 1.408000e+03   1.368610e+01     0.012 (   614      0)     0.007 (  1181      0)
"a_i:convect_deep_tend"                     -       1408     1408 1.408000e+03   1.178229e+01     0.010 (   191      0)     0.006 (   605      0)
"a_i:zm_conv_tend"                          -       1408     1408 1.408000e+03   1.173617e+01     0.010 (   191      0)     0.006 (   605      0)
"a_i:zm_convr"                              -       1408     1408 1.408000e+03   9.648550e+00     0.009 (   614      0)     0.004 (  1118      0)
"a_i:physics_ptend_sum"                     -       1408     1408 3.238400e+04   1.373438e+00     0.002 (  1335      0)     0.001 (   677      0)
"a_i:zm_conv_evap"                          -       1408     1408 1.408000e+03   9.931104e-02     0.000 (   642      0)     0.000 (    61      0)
"a_i:momtran"                               -       1408     1408 1.408000e+03   7.804444e-02     0.000 (  1015      0)     0.000 (  1164      0)
"a_i:convtran1"                             -       1408     1408 1.408000e+03   9.276783e-02     0.000 (   452      0)     0.000 (  1065      0)
"a_i:convect_shallow_tend"                  -       1408     1408 1.408000e+03   9.772547e-01     0.001 (   434      0)     0.001 (   814      0)
"a_i:macrop_tend"                           -       1408     1408 8.448000e+03   6.047362e+01     0.095 (     4      0)     0.035 (   113      0)
"a_i:clubb_tend_cam_init"                   -       1408     1408 8.448000e+03   2.617890e+00     0.002 (  1295      0)     0.002 (   214      0)
"a_i:adv_clubb_core_col_loop"               -       1408     1408 8.448000e+03   4.810537e+01     0.086 (    44      0)     0.026 (    67      0)
"a_i:adv_clubb_core_ts_loop"                -       1408     1408 1.296000e+05   3.985926e+01     0.080 (     4      0)     0.021 (    67      0)
"a_i:advance_clubb_core"                    -       1408     1408 1.296000e+05   3.976825e+01     0.080 (     4      0)     0.021 (    67      0)
"a_i:clubb_tend_cam_diag"                   -       1408     1408 8.448000e+03   4.316570e+00     0.003 (   525      0)     0.003 (   314      0)
"a_i:ice_cloud_detrain_diag"                -       1408     1408 8.448000e+03   2.447908e-01     0.000 (   222      0)     0.000 (    96      0)
"a_i:ice_cloud_frac_diag"                   -       1408     1408 8.448000e+03   1.942365e+00     0.002 (  1267      0)     0.001 (   748      0)
"a_i:pbl_depth_diag"                        -       1408     1408 8.448000e+03   1.284316e-01     0.000 (  1031      0)     0.000 (    56      0)
"a_i:physics_ptend_scale"                   -       1408     1408 1.689600e+04   3.673561e-01     0.000 (   489      0)     0.000 (   171      0)
"a_i:microp_aero_run"                       -       1408     1408 8.448000e+03   5.785360e+01     0.047 (   900      0)     0.038 (   509      0)
"a_i:microp_aero_run_init"                  -       1408     1408 8.448000e+03   1.264058e+00     0.001 (   587      0)     0.001 (   881      0)
"a_i:subgrid_mean_updraft"                  -       1408     1408 8.448000e+03   6.116704e+00     0.005 (    13      0)     0.004 (    58      0)
"a_i:nucleate_ice_cam_calc"                 -       1408     1408 8.448000e+03   2.279592e+00     0.002 (    15      0)     0.001 (   673      0)
"a_i:dropmixnuc"                            -       1408     1408 8.448000e+03   3.327510e+01     0.028 (   900      0)     0.021 (   621      0)
"a_i:hetfrz_classnuc_cam_calc"              -       1408     1408 8.448000e+03   1.470476e+01     0.012 (   138      0)     0.009 (   685      0)
"a_i:microp_tend"                           -       1408     1408 8.448000e+03   5.769781e+01     0.058 (  1254      0)     0.025 (  1193      0)
"a_i:microp_p3_tend"                        -       1408     1408 8.448000e+03   5.493654e+01     0.056 (  1254      0)     0.024 (  1193      0)
"a_i:micro_p3_tend_init"                    -       1408     1408 8.448000e+03   9.672708e-01     0.001 (   836      0)     0.001 (    54      0)
"a_i:micro_p3_get_cloud_fraction"           -       1408     1408 8.448000e+03   7.308529e-02     0.000 (   836      0)     0.000 (   934      0)
"a_i:micro_p3_tend_loop"                    -       1408     1408 8.448000e+03   5.260927e+01     0.054 (  1254      0)     0.022 (  1193      0)
"a_i:micro_p3_tend_finish"                  -       1408     1408 8.448000e+03   1.156118e+00     0.001 (   520      0)     0.001 (   349      0)
"a_i:tphysbc_aerosols"                      -       1408     1408 1.408000e+03   1.985973e+01     0.017 (   137      0)     0.012 (   762      0)
"a_i:calcsize"                              -       1408     1408 1.408000e+03   1.716170e+00     0.002 (  1221      0)     0.001 (   751      0)
"a_i:wateruptake"                           -       1408     1408 1.408000e+03   7.525656e+00     0.006 (   414      0)     0.005 (    53      0)
"a_i:ma_convproc"                           -       1408     1408 1.408000e+03   2.282847e+00     0.003 (   232      0)     0.001 (   762      0)
"a_i:convtran2"                             -       1408     1408 1.408000e+03   5.255071e-01     0.001 (   614      0)     0.000 (   951      0)
"a_i:bc_history_write"                      -       1408     1408 1.408000e+03   1.054266e+00     0.001 (   831      0)     0.001 (   951      0)
"a_i:bc_cld_diag_history_write"             -       1408     1408 1.408000e+03   2.225156e-01     0.000 (   397      0)     0.000 (   178      0)
"a_i:radiation"                             -       1408     1408 1.408000e+03   1.118389e+02     0.089 (   259      0)     0.071 (  1384      0)
"a_i:radiation_tend_init"                   -       1408     1408 1.408000e+03   1.008131e-01     0.000 (   831      0)     0.000 (   178      0)
"a_i:cldoptics"                             -       1408     1408 1.408000e+03   1.372813e+00     0.002 (  1106      0)     0.001 (  1011      0)
"a_i:rad_sw"                                -       1408     1408 1.408000e+03   6.608911e+01     0.057 (   941      0)     0.040 (   296      0)
"a_i:rad_sw_loop"                           -       1408     1408 1.408000e+03   6.600150e+01     0.057 (   941      0)     0.040 (   296      0)
"a_i:rad_rrtmg_sw"                          -       1408     1408 2.816000e+03   3.381567e+01     0.034 (   941      0)     0.017 (   296      0)
"a_i:mcica_subcol_sw"                       -       1408     1408 2.816000e+03   3.843338e+00     0.004 (  1290      0)     0.002 (   651      0)
"a_i:rrtmg_sw"                              -       1408     1408 2.816000e+03   2.922447e+01     0.030 (   941      0)     0.014 (   296      0)
"a_i:rad_lw"                                -       1408     1408 1.408000e+03   4.371312e+01     0.034 (   351      0)     0.029 (  1018      0)
"a_i:rad_lw_loop"                           -       1408     1408 1.408000e+03   4.371145e+01     0.034 (   351      0)     0.029 (  1018      0)
"a_i:rad_rrtmg_lw"                          -       1408     1408 2.816000e+03   2.283399e+01     0.019 (   350      0)     0.015 (   681      0)
"a_i:mcica_subcol_lw"                       -       1408     1408 2.816000e+03   4.744040e+00     0.005 (   351      0)     0.003 (   681      0)
"a_i:rrtmg_lw"                              -       1408     1408 2.816000e+03   1.807537e+01     0.015 (   944      0)     0.012 (   681      0)
"a_i:radheat_tend"                          -       1408     1408 1.408000e+03   1.354632e-02     0.000 (   657      0)     0.000 (   490      0)
"a_i:heating_rate"                          -       1408     1408 1.408000e+03   3.338233e-02     0.000 (   592      0)     0.000 (   249      0)
"a_i:tropopause"                            -       1408     1408 1.408000e+03   4.600753e-01     0.001 (     6      0)     0.000 (   759      0)
"a_i:cam_export"                            -       1408     1408 1.408000e+03   3.660731e-02     0.000 (   442      0)     0.000 (   186      0)
"a_i:diag_export"                           -       1408     1408 1.408000e+03   1.602433e-02     0.000 (   591      0)     0.000 (   131      0)
"CPL:init_readrestart"                      -       1408     1408 1.408000e+03   2.049949e+03     1.456 (     0      0)     1.454 (    14      0)
"CPL:seq_rest_read-init"                    -       1408     1408 1.408000e+03   2.049504e+03     1.456 (   320      0)     1.454 (   490      0)
"PIO:pio_inq_varndims_file_vdesc"           -       1408     1408 1.830400e+04   2.344225e-01     0.000 (   962      0)     0.000 (  1134      0)
"PIO:pio_inq_varndims_file_vid"             -       1408     1408 1.830400e+04   2.296956e-01     0.000 (   963      0)     0.000 (     1      0)
"PIO:pio_inq_vardimid_file_vdesc"           -       1408     1408 1.830400e+04   2.269012e+00     0.002 (    76      0)     0.001 (    30      0)
"PIO:pio_inq_vardimid_file_vid"             -       1408     1408 1.830400e+04   2.263866e+00     0.002 (    76      0)     0.001 (    30      0)
"CPL:init_rof2lnd"                          -       1408     1408 1.408000e+03   3.073120e-01     0.001 (     1      0)     0.000 (   256      0)
"CPL:cime_run_init"                         -       1408     1408 1.408000e+03   3.320081e-01     0.003 (     0      0)     0.000 (   547      0)
"CPL:INIT_sync1_tprf"                       -       1408     1408 1.408000e+03   4.142130e+00     0.003 (  1351      0)     0.000 (     0      0)
"CPL:INIT_t_prf"                            y          0        0 0.000000e+00   0.000000e+00     0.000 (     0      0)     0.000 (     0      0)

