
***** GLOBAL STATISTICS (  1408 MPI TASKS) *****

$Id: gptl.c,v 1.157 2011-03-28 20:55:18 rosinski Exp $
'count' is cumulative. All other stats are max/min
'on' indicates whether the timer was active during output, and so stats are lower or upper bounds.

name                                       on  processes  threads        count      walltotal   wallmax (proc   thrd  )   wallmin (proc   thrd  )
"CPL:INIT"                                  -       1408     1408 1.408000e+03   1.276263e+05    90.799 (   829      0)    90.497 (   914      0)
"CPL:cime_pre_init1"                        -       1408     1408 1.408000e+03   6.962475e+03     5.100 (   784      0)     4.798 (   914      0)
"CPL:mpi_init"                              -       1408     1408 1.408000e+03   6.345851e+03     4.605 (   732      0)     4.365 (   914      0)
"CPL:ESMF_Initialize"                       -       1408     1408 1.408000e+03   1.308564e-01     0.001 (    67      0)     0.000 (    34      0)
"CPL:cime_pre_init2"                        -       1408     1408 1.408000e+03   2.487217e+02     0.177 (   219      0)     0.175 (   114      0)
"CPL:seq_infodata_init"                     -       1408     1408 1.408000e+03   1.146802e+02     0.097 (   992      0)     0.077 (  1364      0)
"PIO:openfile"                              -       1408     1408 3.097600e+04   3.751574e+02     0.286 (   396      0)     0.238 (  1390      0)
"PIO:get_att_file_vid_0d_text"              -       1408     1408 2.816000e+04   1.864392e+00     0.002 (    84      0)     0.001 (     0      0)
"PIO:PIOc_get_att_tc"                       -       1408     1408 2.816000e+04   1.571655e+00     0.002 (  1275      0)     0.001 (     0      0)
"PIO:pio_inq_varid_file_vdesc"              -       1408     1408 4.040960e+05   7.699696e+01     0.064 (   641      0)     0.009 (   765      0)
"PIO:pio_inq_varid_file_vid"                -       1408     1408 4.040960e+05   7.689992e+01     0.063 (   641      0)     0.009 (   765      0)
"PIO:get_var_1d_double"                     -       1408     1408 8.448000e+03   8.531562e+00     0.007 (  1056      0)     0.005 (    91      0)
"PIO:PIOc_get_vars_tc"                      -       1408     1408 2.112000e+04   1.345829e+01     0.010 (   336      0)     0.007 (  1031      0)
"PIO:get_var_0d_text"                       -       1408     1408 1.408000e+03   2.034022e+00     0.002 (   512      0)     0.001 (    83      0)
"CPL:seq_timemgr_clockInit"                 -       1408     1408 1.408000e+03   3.131040e+01     0.025 (   462      0)     0.019 (  1070      0)
"PIO:get_var_1d_int"                        -       1408     1408 1.126400e+04   6.192047e+00     0.005 (   224      0)     0.002 (  1087      0)
"PIO:closefile"                             -       1408     1408 3.097600e+04   3.510312e+00     0.192 (     0      0)     0.001 (   620      0)
"PIO:PIOc_closefile"                        -       1408     1408 3.097600e+04   3.418616e+00     0.191 (     0      0)     0.001 (   620      0)
"CPL:cime_init"                             -       1408     1408 1.408000e+03   1.204150e+05    85.523 (  1007      0)    85.521 (  1373      0)
"CPL:init_comps"                            -       1408     1408 1.408000e+03   1.068855e+05    75.914 (  1147      0)    75.912 (  1368      0)
"CPL:comp_init_pre_all"                     -       1408     1408 1.408000e+03   7.255069e-02     0.000 (    53      0)     0.000 (   576      0)
"CPL:comp_init_cc_atm"                      -       1408     1408 1.408000e+03   4.988042e+04    35.427 (   365      0)    35.426 (  1172      0)
"a_i:comp_init"                             -       1408     1408 2.816000e+03   5.736192e+04    40.907 (   765      0)    40.706 (   601      0)
"a_i:shr_taskmap_write"                     -       1408     1408 1.408000e+03   5.910513e+00     0.005 (   615      0)     0.001 (     0      0)
"a_i:read_namelist"                         -       1408     1408 1.408000e+03   9.170581e+01     0.065 (  1178      0)     0.065 (   303      0)
"a_i:cam_init"                              -       1408     1408 1.408000e+03   4.965778e+04    35.349 (  1280      0)    35.057 (   386      0)
"a_i:cam_read_restart"                      -       1408     1408 1.408000e+03   6.725966e+03     4.800 (     0      0)     4.777 (   281      0)
"a_i:PIO:openfile"                          -       1408     1408 1.267200e+05   3.485931e+03     3.566 (   704      0)     2.053 (  1280      0)
"a_i:PIO:pio_inq_att_file_vid_offlen"       -       1408     1408 1.408000e+03   1.391292e-01     0.000 (  1102      0)     0.000 (  1143      0)
"a_i:PIO:get_att_file_vid_0d_text"          -       1408     1408 2.647040e+05   7.816223e+00     0.006 (   899      0)     0.005 (  1334      0)
"a_i:PIO:PIOc_get_att_tc"                   -       1408     1408 2.787840e+05   7.888395e+00     0.008 (  1407      0)     0.005 (  1263      0)
"a_i:PIO:get_att_file_vid_1d_double"        -       1408     1408 2.816000e+03   8.358831e-02     0.000 (   968      0)     0.000 (   833      0)
"a_i:timemgr_read_restart"                  -       1408     1408 1.408000e+03   4.305279e+01     0.031 (   307      0)     0.031 (   367      0)
"a_i:PIO:pio_inq_varid_file_vdesc"          -       1408     1408 1.233408e+06   3.107159e+01     0.047 (     7      0)     0.007 (  1344      0)
"a_i:PIO:pio_inq_varid_file_vid"            -       1408     1408 1.575552e+06   3.430811e+01     0.049 (     7      0)     0.009 (  1344      0)
"a_i:PIO:get_var_0d_text"                   -       1408     1408 3.238400e+04   1.135375e+01     0.009 (     0      0)     0.006 (   617      0)
"a_i:PIO:PIOc_get_vars_tc"                  -       1408     1408 1.074304e+06   9.655579e+03     6.875 (   800      0)     6.831 (     1      0)
"a_i:PIO:get_var_0d_int"                    -       1408     1408 2.112000e+04   4.301488e+01     0.031 (  1153      0)     0.030 (   666      0)
"a_i:read_restart_dynamics"                 -       1408     1408 1.408000e+03   4.276271e+03     3.038 (     0      0)     3.036 (   755      0)
"a_i:dyn_init1"                             -       1408     1408 1.408000e+03   4.197727e+02     0.400 (  1307      0)     0.207 (   568      0)
"a_i:hycoef_init"                           -       1408     1408 1.408000e+03   2.471755e+00     0.003 (     0      0)     0.001 (  1096      0)
"a_i:PIO:pio_inq_dimid_file_dimid"          -       1408     1408 5.125120e+05   8.110872e+00     0.007 (   459      0)     0.004 (     0      0)
"a_i:PIO:pio_inq_dimlen_file_dimid"         -       1408     1408 2.956800e+05   2.269431e+00     0.002 (    66      0)     0.001 (   798      0)
"a_i:PIO:pio_inq_dimlen_file_dimid_offlen"  -       1408     1408 2.956800e+05   2.168572e+00     0.002 (    66      0)     0.001 (   798      0)
"a_i:PIO:get_var_1d_double"                 -       1408     1408 2.097920e+05   1.569870e+02     0.114 (   617      0)     0.110 (  1219      0)
"a_i:prim_init1"                            -       1408     1408 1.408000e+03   7.314477e+01     0.053 (  1284      0)     0.051 (  1379      0)
"a_i:PartitioningTime"                      -       1408     1408 1.408000e+03   4.287380e-04     0.000 (  1250      0)     0.000 (   114      0)
"a_i:shr_reprosum_INF_NaN_Chk"              -       1408     1408 1.239040e+05   8.421421e-02     0.000 (   361      0)     0.000 (   138      0)
"a_i:shr_reprosum_int"                      -       1408     1408 1.239040e+05   7.427364e+01     0.060 (   412      0)     0.007 (   767      0)
"a_i:repro_sum_loopa"                       -       1408     1408 1.239040e+05   4.015282e-02     0.000 (   738      0)     0.000 (   148      0)
"a_i:repro_sum_allr_minmax"                 -       1408     1408 1.239040e+05   7.103950e+01     0.058 (   412      0)     0.005 (   767      0)
"a_i:repro_sum_loopb"                       -       1408     1408 1.239040e+05   6.972317e-02     0.000 (  1332      0)     0.000 (  1238      0)
"a_i:repro_sum_allr_i8"                     -       1408     1408 1.239040e+05   2.213719e+00     0.002 (   916      0)     0.001 (   106      0)
"a_i:repro_sum_finalsum"                    -       1408     1408 1.239040e+05   6.316989e-02     0.000 (  1021      0)     0.000 (   665      0)
"a_i:compose_init"                          -       1408     1408 1.408000e+03   5.317883e+00     0.004 (   599      0)     0.003 (  1247      0)
"a_i:sl_init1"                              -       1408     1408 1.408000e+03   1.392572e+00     0.003 (  1265      0)     0.001 (  1362      0)
"a_i:phys_grid_init"                        -       1408     1408 1.408000e+03   1.745840e+02     0.214 (   519      0)     0.024 (  1307      0)
"a_i:create_chunks"                         -       1408     1408 1.408000e+03   3.869843e+00     0.003 (   674      0)     0.003 (   387      0)
"a_i:PIO:get_att_file_vid_0d_int"           -       1408     1408 7.040000e+03   2.811703e-01     0.003 (  1407      0)     0.000 (   775      0)
"a_i:PIO:initdecomp"                        -       1408     1408 1.548800e+04   2.712451e+02     0.194 (     8      0)     0.191 (  1271      0)
"a_i:PIO:PIOc_initdecomp"                   -       1408     1408 1.548800e+04   2.710958e+02     0.194 (     8      0)     0.191 (  1271      0)
"a_i:PIO:box_rearrange_create"              -       1408     1408 1.548800e+04   2.686616e+02     0.191 (  1280      0)     0.191 (   308      0)
"a_i:PIO:pio_swapm"                         -       1408     1408 7.180800e+05   5.843211e+03     4.260 (  1407      0)     0.814 (     0      0)
"a_i:PIO:read_darray_1d_double"             -       1408     1408 2.562560e+05   3.546247e+03     2.523 (  1344      0)     2.513 (   396      0)
"a_i:PIO:PIOc_read_darray"                  -       1408     1408 6.716160e+05   5.802719e+03     4.138 (  1344      0)     4.093 (     8      0)
"a_i:PIO:read_darray_nc"                    -       1408     1408 6.716160e+05   8.102805e+01     3.273 (     0      0)     0.012 (   646      0)
"a_i:PIO:rearrange_io2comp"                 -       1408     1408 6.716160e+05   5.585032e+03     4.074 (  1407      0)     0.667 (     0      0)
"a_i:dyn_init2"                             -       1408     1408 1.408000e+03   2.673719e+01     0.020 (     0      0)     0.019 (  1048      0)
"a_i:prim_init2"                            -       1408     1408 1.408000e+03   2.530777e+01     0.019 (     0      0)     0.015 (  1160      0)
"a_i:prim_printstate"                       -       1408     1408 1.408000e+03   1.358789e+01     0.010 (     0      0)     0.009 (   935      0)
"a_i:read_restart_physics"                  -       1408     1408 1.408000e+03   2.277959e+03     1.618 (  1025      0)     1.618 (   329      0)
"a_i:pbuf_read_restart"                     -       1408     1408 1.408000e+03   2.126595e+03     1.511 (  1146      0)     1.510 (    65      0)
"a_i:get_decomp"                            -       1408     1408 2.745600e+05   3.820826e+01     0.029 (     0      0)     0.026 (   703      0)
"a_i:get_filemap"                           -       1408     1408 9.856000e+03   3.365297e-01     0.000 (  1075      0)     0.000 (  1127      0)
"a_i:newdecomp"                             -       1408     1408 9.856000e+03   3.697548e+01     0.027 (     8      0)     0.026 (   662      0)
"a_i:PIO:read_darray_2d_double"             -       1408     1408 2.210560e+05   3.510493e+02     0.260 (   192      0)     0.238 (  1283      0)
"a_i:PIO:read_darray_3d_double"             -       1408     1408 1.928960e+05   1.902609e+03     1.363 (  1152      0)     1.329 (     1      0)
"a_i:PIO:read_darray_2d_int"                -       1408     1408 1.408000e+03   3.488349e+00     0.003 (  1225      0)     0.002 (     0      0)
"a_i:chem_read_restart"                     -       1408     1408 1.408000e+03   2.675352e+00     0.002 (    67      0)     0.002 (  1233      0)
"a_i:PIO:get_att_file_vid_0d_double"        -       1408     1408 4.224000e+03   2.440180e-01     0.000 (  1180      0)     0.000 (   935      0)
"a_i:read_prescribed_aero_restart"          -       1408     1408 1.408000e+03   7.523574e-01     0.001 (   273      0)     0.001 (   253      0)
"a_i:PIO:get_var_1d_int"                    -       1408     1408 6.054400e+04   3.422286e+03     2.432 (  1218      0)     2.429 (   796      0)
"a_i:PIO:closefile"                         -       1408     1408 7.321600e+04   5.232897e+00     0.031 (     0      0)     0.003 (     3      0)
"a_i:PIO:PIOc_closefile"                    -       1408     1408 7.321600e+04   5.114887e+00     0.031 (     0      0)     0.003 (     3      0)
"a_i:clean_iodesc_list"                     -       1408     1408 1.408000e+03   3.422506e-01     0.009 (   960      0)     0.000 (   154      0)
"a_i:PIO:freedecomp"                        -       1408     1408 8.448000e+03   3.732369e-01     0.009 (   960      0)     0.000 (   132      0)
"a_i:PIO:PIOc_freedecomp"                   -       1408     1408 8.448000e+03   2.811917e-01     0.009 (   960      0)     0.000 (   154      0)
"a_i:phys_init"                             -       1408     1408 1.408000e+03   3.559497e+04    25.283 (  1217      0)    25.257 (     0      0)
"a_i:rad_cnst_init"                         -       1408     1408 1.408000e+03   3.796607e+02     0.275 (  1217      0)     0.251 (     0      0)
"a_i:PIO:get_var_5d_double"                 -       1408     1408 2.816000e+04   4.236866e+01     0.031 (   352      0)     0.029 (    60      0)
"a_i:PIO:get_var_2d_double"                 -       1408     1408 5.209600e+04   1.303086e+01     0.010 (     6      0)     0.009 (   666      0)
"a_i:PIO:get_var_0d_double"                 -       1408     1408 9.433600e+04   3.241548e+01     0.024 (   842      0)     0.023 (   327      0)
"a_i:PIO:get_vara_1d_double"                -       1408     1408 6.054400e+04   3.177250e+01     0.023 (   514      0)     0.022 (    41      0)
"a_i:solar_data_init"                       -       1408     1408 1.408000e+03   4.250843e+01     0.030 (   320      0)     0.030 (   203      0)
"a_i:PIO:get_vara_2d_double"                -       1408     1408 4.435200e+05   4.511324e+03     3.206 (  1352      0)     3.189 (     0      0)
"a_i:chem_init"                             -       1408     1408 1.408000e+03   1.977209e+04    14.044 (   361      0)    14.040 (   704      0)
"a_i:PIO:pio_inq_vardimid_file_vdesc"       -       1408     1408 2.689280e+05   1.358108e+01     0.011 (  1306      0)     0.009 (   348      0)
"a_i:PIO:pio_inq_vardimid_file_vid"         -       1408     1408 3.942400e+05   1.937055e+01     0.015 (   904      0)     0.013 (  1078      0)
"a_i:PIO:pio_inquire_variable_file_vdesc"   -       1408     1408 2.506240e+05   8.289070e+00     0.007 (  1346      0)     0.005 (   758      0)
"a_i:PIO:pio_inquire_variable_file_vid"     -       1408     1408 2.506240e+05   8.239468e+00     0.007 (  1347      0)     0.005 (   758      0)
"a_i:PIO:pio_inq_varndims_file_vid"         -       1408     1408 5.589760e+05   9.428626e+00     0.007 (   784      0)     0.006 (    27      0)
"a_i:PIO:pio_inquire_file"                  -       1408     1408 4.505600e+04   1.347986e+00     0.001 (  1333      0)     0.000 (     0      0)
"a_i:PIO:pio_inq_nvars_file"                -       1408     1408 4.505600e+04   1.282068e+00     0.001 (  1304      0)     0.000 (     0      0)
"a_i:PIO:pio_inq_varname_file_vid"          -       1408     1408 1.605120e+05   2.947725e+00     0.002 (  1089      0)     0.002 (   511      0)
"a_i:PIO:pio_inq_varndims_file_vdesc"       -       1408     1408 2.816000e+03   2.047113e-02     0.000 (   809      0)     0.000 (   903      0)
"a_i:PIO:get_var_3d_double"                 -       1408     1408 2.816000e+03   6.967496e+00     0.005 (   797      0)     0.005 (   988      0)
"a_i:prescribed_volcaero_init"              -       1408     1408 1.408000e+03   1.270140e-02     0.000 (   805      0)     0.000 (    87      0)
"a_i:init_ocean_data"                       -       1408     1408 1.408000e+03   1.606151e+02     0.115 (   584      0)     0.114 (   704      0)
"a_i:radiation_init"                        -       1408     1408 1.408000e+03   8.972704e+02     0.659 (   704      0)     0.627 (   769      0)
"a_i:tropopause_init"                       -       1408     1408 1.408000e+03   5.840343e+02     0.601 (   946      0)     0.151 (     0      0)
"a_i:PIO:get_vara_3d_double"                -       1408     1408 6.899200e+04   1.531288e+03     1.089 (   770      0)     1.077 (     0      0)
"CPL:comp_init_cc_lnd"                      -       1408     1408 1.408000e+03   4.203500e+04    29.855 (     0      0)    29.854 (   380      0)
"l_i:comp_init"                             -       1408     1408 1.408000e+03   4.195155e+04    29.854 (    24      0)    29.792 (   130      0)
"l_i:elm_init1"                             -       1408     1408 1.408000e+03   4.427859e+03     3.149 (   532      0)     3.079 (     0      0)
"l_i:PIO:openfile"                          -       1408     1408 4.224000e+04   1.261234e+03     0.970 (     8      0)     0.799 (   448      0)
"l_i:PIO:pio_inq_dimid_file_dimid"          -       1408     1408 1.084160e+05   3.009488e+00     0.003 (   100      0)     0.001 (     0      0)
"l_i:PIO:pio_inq_dimlen_file_dimid"         -       1408     1408 1.116544e+06   3.483774e+01     0.045 (     6      0)     0.011 (   755      0)
"l_i:PIO:pio_inq_dimlen_file_dimid_offlen"  -       1408     1408 1.116544e+06   3.461056e+01     0.044 (     6      0)     0.010 (   747      0)
"l_i:PIO:pio_inq_varid_file_vdesc"          -       1408     1408 1.185536e+06   1.426954e+02     0.135 (   707      0)     0.017 (     0      0)
"l_i:PIO:pio_inq_varid_file_vid"            -       1408     1408 1.185536e+06   1.417099e+02     0.135 (   707      0)     0.016 (     0      0)
"l_i:PIO:get_var_2d_int"                    -       1408     1408 1.408000e+03   7.850626e+00     0.006 (   896      0)     0.005 (  1253      0)
"l_i:PIO:PIOc_get_vars_tc"                  -       1408     1408 4.632320e+05   2.109355e+02     0.158 (   832      0)     0.137 (   641      0)
"l_i:PIO:closefile"                         -       1408     1408 3.238400e+04   2.422866e+00     0.114 (  1344      0)     0.001 (    41      0)
"l_i:PIO:PIOc_closefile"                    -       1408     1408 3.238400e+04   2.371602e+00     0.114 (  1344      0)     0.001 (    41      0)
"l_i:PIO:pio_inq_varndims_file_vdesc"       -       1408     1408 6.786560e+05   1.537461e+01     0.026 (     0      0)     0.004 (   958      0)
"l_i:PIO:pio_inq_varndims_file_vid"         -       1408     1408 6.786560e+05   1.523269e+01     0.025 (     0      0)     0.004 (   942      0)
"l_i:PIO:pio_inq_vardimid_file_vdesc"       -       1408     1408 6.786560e+05   7.250261e+01     0.106 (     4      0)     0.018 (   735      0)
"l_i:PIO:pio_inq_vardimid_file_vid"         -       1408     1408 6.786560e+05   7.234836e+01     0.106 (     4      0)     0.017 (   735      0)
"l_i:PIO:pio_inq_dimname_file_dimid"        -       1408     1408 2.770944e+06   9.586462e+01     0.123 (    32      0)     0.030 (   764      0)
"l_i:PIO:initdecomp"                        -       1408     1408 5.491200e+04   2.812506e+02     0.287 (     3      0)     0.153 (  1405      0)
"l_i:PIO:PIOc_initdecomp"                   -       1408     1408 5.491200e+04   2.809851e+02     0.287 (     3      0)     0.153 (  1405      0)
"l_i:PIO:box_rearrange_create"              -       1408     1408 5.491200e+04   1.995573e+02     0.142 (    34      0)     0.139 (  1219      0)
"l_i:PIO:pio_swapm"                         -       1408     1408 8.405760e+05   3.527811e+04    25.474 (  1343      0)     4.420 (   704      0)
"l_i:PIO:read_darray_1d_double"             -       1408     1408 3.618560e+05   6.505174e+03     4.674 (   704      0)     4.507 (     2      0)
"l_i:PIO:PIOc_read_darray"                  -       1408     1408 6.758400e+05   3.561059e+04    25.398 (   704      0)    25.054 (     2      0)
"l_i:PIO:read_darray_nc"                    -       1408     1408 6.758400e+05   4.331598e+02    20.986 (   704      0)     0.000 (  1157      0)
"l_i:PIO:rearrange_io2comp"                 -       1408     1408 6.758400e+05   3.511387e+04    25.350 (  1343      0)     4.365 (   704      0)
"l_i:PIO:pio_inquire_file"                  -       1408     1408 1.053184e+06   2.480804e+01     0.027 (     3      0)     0.010 (   725      0)
"l_i:PIO:pio_inq_ndims_file"                -       1408     1408 1.053184e+06   2.458952e+01     0.027 (     3      0)     0.009 (   726      0)
"l_i:PIO:get_var_2d_double"                 -       1408     1408 1.971200e+04   2.809462e+01     0.021 (    16      0)     0.019 (   399      0)
"l_i:PIO:read_darray_1d_int"                -       1408     1408 1.408000e+04   1.653129e+02     0.121 (   960      0)     0.110 (     2      0)
"l_i:PIO:read_darray_3d_double"             -       1408     1408 4.224000e+04   2.312244e+03     1.650 (   768      0)     1.622 (     5      0)
"l_i:PIO:read_darray_3d_int"                -       1408     1408 1.408000e+03   6.007789e+01     0.043 (   958      0)     0.041 (     7      0)
"l_i:PIO:read_darray_4d_double"             -       1408     1408 1.971200e+04   1.496365e+03     1.067 (  1151      0)     1.055 (     7      0)
"l_i:PIO:get_var_1d_text"                   -       1408     1408 2.816000e+03   1.460129e+00     0.002 (    34      0)     0.001 (  1155      0)
"l_i:PIO:get_var_1d_double"                 -       1408     1408 2.196480e+05   4.545889e+01     0.033 (     0      0)     0.031 (   741      0)
"l_i:PIO:get_var_1d_int"                    -       1408     1408 7.040000e+03   1.373357e+00     0.001 (   704      0)     0.001 (   771      0)
"l_i:PIO:get_var_0d_double"                 -       1408     1408 1.492480e+05   3.168971e+01     0.024 (     0      0)     0.020 (   119      0)
"l_i:PIO:read_darray_2d_double"             -       1408     1408 2.196480e+05   2.489349e+04    17.723 (   704      0)    17.593 (     3      0)
"l_i:PIO:read_darray_2d_int"                -       1408     1408 5.632000e+03   1.004849e+02     0.072 (  1152      0)     0.069 (    78      0)
"l_i:gather_1darray_int_total"              -       1408     1408 7.040000e+03   2.753314e+01     0.025 (  1255      0)     0.010 (    62      0)
"l_i:scatter_1darray_int_total"             -       1408     1408 7.040000e+03   2.812398e+01     0.024 (    64      0)     0.009 (     0      0)
"l_i:init_filters"                          -       1408     1408 1.408000e+03   1.037037e-01     0.000 (   796      0)     0.000 (  1032      0)
"l_i:elm_init2"                             -       1408     1408 1.408000e+03   3.750280e+04    26.636 (     0      0)    26.635 (     3      0)
"l_i:PIO:get_var_0d_int"                    -       1408     1408 5.772800e+04   1.227233e+02     0.095 (   794      0)     0.074 (   647      0)
"l_i:init_orbd"                             -       1408     1408 1.408000e+03   6.675539e-02     0.000 (   841      0)     0.000 (   695      0)
"l_i:PIO:get_var_3d_double"                 -       1408     1408 5.632000e+03   7.225392e+00     0.005 (   973      0)     0.005 (    69      0)
"l_i:init_accflds"                          -       1408     1408 1.408000e+03   1.855054e-01     0.001 (    77      0)     0.000 (   496      0)
"l_i:init_dyn_subgrid"                      -       1408     1408 1.408000e+03   5.646684e-01     0.001 (  1407      0)     0.000 (   575      0)
"l_i:hdmdyn_strd_adv_total"                 -       1408     1408 1.408000e+03   6.555947e+02     0.466 (   396      0)     0.465 (  1206      0)
"l_i:hdmdyn_strd_adv_readLBUB"              -       1408     1408 1.408000e+03   6.529533e+02     0.464 (   148      0)     0.463 (  1197      0)
"l_i:hdmdyn_readLBUB_setup"                 -       1408     1408 1.408000e+03   5.658530e-04     0.000 (    54      0)     0.000 (   533      0)
"l_i:hdmdyn_readLBUB_fbound"                -       1408     1408 1.408000e+03   3.719045e-01     0.372 (     0      0)     0.000 (   236      0)
"l_i:hdmdyn_readLBUB_bcast"                 -       1408     1408 1.408000e+03   5.227337e+02     0.372 (   449      0)     0.000 (     0      0)
"l_i:hdmdyn_readLBUB_LB_setup"              -       1408     1408 1.408000e+03   5.122760e-04     0.000 (     0      0)     0.000 (   526      0)
"l_i:hdmdyn_readLBUB_LB_readpio"            -       1408     1408 1.408000e+03   1.266957e+02     0.090 (    59      0)     0.090 (   907      0)
"l_i:PIO:pio_inq_vartype_file_vdesc"        -       1408     1408 1.126400e+04   9.972033e-02     0.000 (   161      0)     0.000 (   732      0)
"l_i:PIO:pio_inq_vartype_file_vid"          -       1408     1408 1.126400e+04   9.108773e-02     0.000 (   165      0)     0.000 (   732      0)
"l_i:PIO:read_darray_1d_real"               -       1408     1408 1.126400e+04   7.846992e+01     0.056 (    57      0)     0.055 (   901      0)
"l_i:hdmdyn_readLBUB_UB_setup"              -       1408     1408 1.408000e+03   3.957780e-04     0.000 (     0      0)     0.000 (   658      0)
"l_i:hdmdyn_readLBUB_UB_readpio"            -       1408     1408 1.408000e+03   2.585387e+00     0.002 (   898      0)     0.002 (   126      0)
"l_i:hdmdyn_readLBUB_filemgt"               -       1408     1408 1.408000e+03   1.955270e-04     0.000 (  1024      0)     0.000 (   149      0)
"l_i:hdmdyn_strd_adv_rearr"                 -       1408     1408 1.408000e+03   2.304573e+00     0.002 (  1153      0)     0.001 (   542      0)
"l_i:hdmdyn_strd_adv_tint"                  -       1408     1408 1.408000e+03   9.561734e-02     0.000 (   422      0)     0.000 (  1168      0)
"l_i:lnfmdyn_strd_adv_total"                -       1408     1408 1.408000e+03   5.249392e+02     0.373 (   784      0)     0.372 (    29      0)
"l_i:lnfmdyn_strd_adv_readLBUB"             -       1408     1408 1.408000e+03   4.993343e+02     0.355 (  1184      0)     0.354 (  1159      0)
"l_i:lnfmdyn_readLBUB_setup"                -       1408     1408 1.408000e+03   6.411420e-04     0.000 (  1311      0)     0.000 (   309      0)
"l_i:lnfmdyn_readLBUB_fbound"               -       1408     1408 1.408000e+03   2.456457e-01     0.245 (     0      0)     0.000 (   292      0)
"l_i:lnfmdyn_readLBUB_bcast"                -       1408     1408 1.408000e+03   3.460003e+02     0.246 (  1345      0)     0.000 (     0      0)
"l_i:lnfmdyn_readLBUB_LB_setup"             -       1408     1408 1.408000e+03   6.488300e-04     0.000 (     0      0)     0.000 (   744      0)
"l_i:lnfmdyn_readLBUB_LB_readpio"           -       1408     1408 1.408000e+03   8.326760e+01     0.059 (    59      0)     0.059 (  1345      0)
"l_i:lnfmdyn_readLBUB_UB_setup"             -       1408     1408 1.408000e+03   4.144450e-04     0.000 (     0      0)     0.000 (   347      0)
"l_i:lnfmdyn_readLBUB_UB_readpio"           -       1408     1408 1.408000e+03   6.976725e+01     0.050 (   828      0)     0.050 (   678      0)
"l_i:lnfmdyn_readLBUB_filemgt"              -       1408     1408 1.408000e+03   2.022000e-04     0.000 (   181      0)     0.000 (   826      0)
"l_i:lnfmdyn_strd_adv_map"                  -       1408     1408 1.408000e+03   2.557818e+01     0.018 (  1351      0)     0.018 (    30      0)
"l_i:lnfmdyn_strd_adv_tint"                 -       1408     1408 1.408000e+03   1.571902e-02     0.000 (   667      0)     0.000 (  1392      0)
"l_i:subgridRest_write-read"                -       1408     1408 1.408000e+03   1.114223e+03     0.792 (   704      0)     0.791 (     2      0)
"l_i:init_ndep"                             -       1408     1408 1.408000e+03   7.814936e+02     0.555 (   324      0)     0.549 (   640      0)
"l_i:ndepdyn_strd_adv_total"                -       1408     1408 1.408000e+03   2.903742e+01     0.021 (   389      0)     0.020 (   102      0)
"l_i:ndepdyn_strd_adv_readLBUB"             -       1408     1408 1.408000e+03   2.233804e+01     0.017 (  1088      0)     0.015 (   807      0)
"l_i:ndepdyn_readLBUB_setup"                -       1408     1408 1.408000e+03   5.767020e-04     0.000 (  1346      0)     0.000 (   301      0)
"l_i:ndepdyn_readLBUB_fbound"               -       1408     1408 1.408000e+03   1.135077e-02     0.011 (     0      0)     0.000 (   124      0)
"l_i:ndepdyn_readLBUB_bcast"                -       1408     1408 1.408000e+03   1.495781e+01     0.011 (   389      0)     0.000 (     0      0)
"l_i:ndepdyn_readLBUB_LB_setup"             -       1408     1408 1.408000e+03   5.521460e-04     0.000 (     0      0)     0.000 (   326      0)
"l_i:ndepdyn_readLBUB_LB_readpio"           -       1408     1408 1.408000e+03   6.633478e+00     0.005 (  1214      0)     0.005 (   693      0)
"l_i:ndepdyn_readLBUB_UB_setup"             -       1408     1408 1.408000e+03   3.260480e-04     0.000 (     0      0)     0.000 (   242      0)
"l_i:ndepdyn_readLBUB_UB_readpio"           -       1408     1408 1.408000e+03   6.540838e-01     0.001 (   769      0)     0.000 (     0      0)
"l_i:ndepdyn_readLBUB_filemgt"              -       1408     1408 1.408000e+03   2.119160e-04     0.000 (   816      0)     0.000 (   105      0)
"l_i:ndepdyn_strd_adv_map"                  -       1408     1408 1.408000e+03   6.611254e+00     0.005 (   265      0)     0.005 (    99      0)
"l_i:ndepdyn_strd_adv_tint"                 -       1408     1408 1.408000e+03   7.961236e-02     0.000 (   666      0)     0.000 (  1404      0)
"l_i:init_pdep"                             -       1408     1408 1.408000e+03   3.264337e+02     0.232 (   105      0)     0.232 (   138      0)
"l_i:pdepdyn_strd_adv_total"                -       1408     1408 1.408000e+03   1.352645e+01     0.010 (   532      0)     0.007 (     0      0)
"l_i:pdepdyn_strd_adv_readLBUB"             -       1408     1408 1.408000e+03   1.207884e+01     0.009 (   512      0)     0.006 (     0      0)
"l_i:pdepdyn_readLBUB_setup"                -       1408     1408 1.408000e+03   6.221330e-04     0.000 (   916      0)     0.000 (   515      0)
"l_i:pdepdyn_readLBUB_fbound"               -       1408     1408 1.408000e+03   2.926958e-03     0.003 (     0      0)     0.000 (    29      0)
"l_i:pdepdyn_readLBUB_bcast"                -       1408     1408 1.408000e+03   7.206077e+00     0.006 (   532      0)     0.000 (     0      0)
"l_i:pdepdyn_readLBUB_LB_setup"             -       1408     1408 1.408000e+03   4.619180e-04     0.000 (     0      0)     0.000 (   815      0)
"l_i:pdepdyn_readLBUB_LB_readpio"           -       1408     1408 1.408000e+03   4.160848e+00     0.003 (  1023      0)     0.003 (   951      0)
"l_i:pdepdyn_readLBUB_UB_setup"             -       1408     1408 1.408000e+03   3.980750e-04     0.000 (     0      0)     0.000 (    57      0)
"l_i:pdepdyn_readLBUB_UB_readpio"           -       1408     1408 1.408000e+03   6.241896e-01     0.001 (   264      0)     0.000 (  1022      0)
"l_i:pdepdyn_readLBUB_filemgt"              -       1408     1408 1.408000e+03   2.148590e-04     0.000 (   512      0)     0.000 (   115      0)
"l_i:pdepdyn_strd_adv_map"                  -       1408     1408 1.408000e+03   1.359064e+00     0.001 (  1282      0)     0.001 (    55      0)
"l_i:pdepdyn_strd_adv_tint"                 -       1408     1408 1.408000e+03   7.965451e-02     0.000 (   800      0)     0.000 (   109      0)
"l_i:init_elm_interface_data & pflotran"    -       1408     1408 1.408000e+03   8.925800e-05     0.000 (   113      0)     0.000 (   337      0)
"l_i:init_wlog"                             -       1408     1408 1.408000e+03   2.280970e-04     0.000 (     0      0)     0.000 (   268      0)
"l_i:elm_init3"                             -       1408     1408 1.408000e+03   4.305465e+00     0.063 (    24      0)     0.000 (  1057      0)
"CPL:comp_init_cc_rof"                      -       1408     1408 1.408000e+03   1.317575e+03     0.936 (   985      0)     0.936 (   809      0)
"r_i:comp_init"                             -       1408     1408 1.408000e+03   1.316729e+03     0.936 (   769      0)     0.935 (   461      0)
"r_i:PIO:openfile"                          -       1408     1408 5.632000e+03   1.928934e+02     0.142 (   709      0)     0.133 (   379      0)
"r_i:PIO:pio_inq_varid_file_vdesc"          -       1408     1408 9.996800e+04   5.132927e+00     0.006 (   709      0)     0.001 (   832      0)
"r_i:PIO:pio_inq_varid_file_vid"            -       1408     1408 9.996800e+04   4.732701e+00     0.006 (   709      0)     0.001 (   704      0)
"r_i:PIO:get_var_0d_int"                    -       1408     1408 1.126400e+04   3.969200e+01     0.028 (     0      0)     0.028 (   717      0)
"r_i:PIO:PIOc_get_vars_tc"                  -       1408     1408 2.252800e+04   7.416299e+01     0.053 (   808      0)     0.052 (     6      0)
"r_i:PIO:closefile"                         -       1408     1408 5.632000e+03   2.151975e+00     0.003 (    64      0)     0.001 (  1276      0)
"r_i:PIO:PIOc_closefile"                    -       1408     1408 5.632000e+03   2.145080e+00     0.003 (    64      0)     0.001 (  1276      0)
"r_i:mosarti_grid"                          -       1408     1408 1.408000e+03   1.585894e+02     0.114 (   102      0)     0.112 (  1354      0)
"r_i:PIO:pio_inq_dimid_file_dimid"          -       1408     1408 9.856000e+03   6.485222e-02     0.000 (   401      0)     0.000 (     0      0)
"r_i:PIO:pio_inq_dimlen_file_dimid"         -       1408     1408 1.070080e+05   2.263082e+00     0.003 (    74      0)     0.001 (  1390      0)
"r_i:PIO:pio_inq_dimlen_file_dimid_offlen"  -       1408     1408 1.070080e+05   2.240510e+00     0.003 (    74      0)     0.001 (  1390      0)
"r_i:PIO:get_var_2d_double"                 -       1408     1408 4.224000e+03   2.288272e+01     0.017 (   640      0)     0.015 (   734      0)
"r_i:PIO:get_var_2d_int"                    -       1408     1408 2.816000e+03   1.512409e+01     0.011 (   736      0)     0.009 (  1033      0)
"r_i:mosarti_decomp"                        -       1408     1408 1.408000e+03   1.377603e+01     0.011 (   354      0)     0.009 (   384      0)
"r_i:mosarti_dec_basins"                    -       1408     1408 1.408000e+03   7.765797e+00     0.006 (   985      0)     0.005 (  1391      0)
"r_i:mosarti_dec_distr"                     -       1408     1408 1.408000e+03   2.488040e+00     0.002 (   577      0)     0.002 (  1139      0)
"r_i:mosarti_print"                         -       1408     1408 1.408000e+03   4.197503e+00     0.004 (  1354      0)     0.002 (   354      0)
"r_i:mosarti_vars"                          -       1408     1408 1.408000e+03   3.649889e+02     0.259 (     0      0)     0.259 (  1063      0)
"r_i:mosarti_mosart_init"                   y          0        0 0.000000e+00   0.000000e+00     0.000 (     0      0)     0.000 (     0      0)
"r_i:PIO:pio_inq_vardimid_file_vdesc"       -       1408     1408 5.209600e+04   3.898047e+00     0.005 (    79      0)     0.001 (   719      0)
"r_i:PIO:pio_inq_vardimid_file_vid"         -       1408     1408 5.209600e+04   3.885971e+00     0.005 (    79      0)     0.001 (   719      0)
"r_i:PIO:initdecomp"                        -       1408     1408 4.224000e+03   1.520412e+01     0.011 (   388      0)     0.010 (   754      0)
"r_i:PIO:PIOc_initdecomp"                   -       1408     1408 4.224000e+03   1.517936e+01     0.011 (   394      0)     0.010 (   754      0)
"r_i:PIO:box_rearrange_create"              -       1408     1408 4.224000e+03   1.466017e+01     0.010 (     2      0)     0.010 (   755      0)
"r_i:PIO:pio_swapm"                         -       1408     1408 8.870400e+04   2.388701e+02     0.181 (   702      0)     0.078 (     0      0)
"r_i:PIO:read_darray_1d_double"             -       1408     1408 7.180800e+04   3.788434e+02     0.276 (  1344      0)     0.258 (    65      0)
"r_i:PIO:PIOc_read_darray"                  -       1408     1408 7.603200e+04   4.338712e+02     0.315 (  1344      0)     0.298 (    65      0)
"r_i:PIO:read_darray_nc"                    -       1408     1408 7.603200e+04   1.955271e+02     0.231 (   704      0)     0.135 (   123      0)
"r_i:PIO:rearrange_io2comp"                 -       1408     1408 7.603200e+04   2.255864e+02     0.171 (   703      0)     0.072 (     0      0)
"r_i:PIO:read_darray_1d_int"                -       1408     1408 4.224000e+03   5.513177e+01     0.040 (   128      0)     0.038 (   713      0)
"r_i:PIO:freedecomp"                        -       1408     1408 2.816000e+03   1.167311e+00     0.002 (     0      0)     0.000 (  1096      0)
"r_i:PIO:PIOc_sync"                         -       1408     1408 2.816000e+03   9.107816e-01     0.001 (   904      0)     0.000 (   768      0)
"r_i:PIO:PIOc_freedecomp"                   -       1408     1408 2.816000e+03   5.914623e-02     0.002 (     0      0)     0.000 (   541      0)
"r_i:mosarti_restart"                       -       1408     1408 1.408000e+03   1.951953e+02     0.139 (  1280      0)     0.138 (   416      0)
"r_i:PIO:pio_inq_varndims_file_vdesc"       -       1408     1408 5.068800e+04   8.978072e-01     0.002 (     0      0)     0.000 (  1344      0)
"r_i:PIO:pio_inq_varndims_file_vid"         -       1408     1408 5.068800e+04   8.878779e-01     0.002 (     0      0)     0.000 (  1344      0)
"r_i:PIO:pio_inq_vartype_file_vdesc"        -       1408     1408 5.068800e+04   2.207378e+00     0.003 (     2      0)     0.001 (  1309      0)
"r_i:PIO:pio_inq_vartype_file_vid"          -       1408     1408 5.068800e+04   2.197687e+00     0.003 (     2      0)     0.001 (  1295      0)
"r_i:PIO:pio_inq_dimname_file_dimid"        -       1408     1408 2.478080e+05   3.520540e+00     0.005 (     0      0)     0.001 (  1377      0)
"r_i:PIO:pio_inquire_file"                  -       1408     1408 9.856000e+04   4.782089e-01     0.000 (   387      0)     0.000 (   535      0)
"r_i:PIO:pio_inq_ndims_file"                -       1408     1408 9.856000e+04   4.588284e-01     0.000 (   387      0)     0.000 (   535      0)
"r_i:PIO:get_var_1d_double"                 -       1408     1408 4.224000e+03   1.223714e+00     0.001 (     0      0)     0.001 (   695      0)
"r_i:mosarti_histinit"                      -       1408     1408 1.408000e+03   1.245023e+00     0.001 (  1272      0)     0.000 (  1280      0)
"CPL:comp_init_cc_ocn"                      -       1408     1408 1.408000e+03   1.708437e+03     1.214 (  1295      0)     1.213 (   971      0)
"o_i:comp_init"                             -       1408     1408 1.408000e+03   1.707293e+03     1.213 (  1295      0)     1.211 (  1407      0)
"o_i:docn_readnml"                          -       1408     1408 1.408000e+03   1.452423e+02     0.105 (   797      0)     0.087 (     0      0)
"o_i:DOCN_INIT"                             -       1408     1408 1.408000e+03   1.561589e+03     1.110 (  1309      0)     1.107 (   768      0)
"o_i:docn_strdata_init"                     -       1408     1408 1.408000e+03   1.495391e+03     1.064 (   942      0)     1.060 (   992      0)
"o_i:PIO:initdecomp"                        -       1408     1408 4.224000e+03   1.015433e+01     0.008 (     2      0)     0.007 (     0      0)
"o_i:PIO:PIOc_initdecomp"                   -       1408     1408 4.224000e+03   1.014413e+01     0.008 (     2      0)     0.007 (     0      0)
"o_i:PIO:box_rearrange_create"              -       1408     1408 4.224000e+03   9.111249e+00     0.006 (    42      0)     0.006 (   511      0)
"o_i:PIO:pio_swapm"                         -       1408     1408 1.548800e+04   1.257426e+01     0.009 (  1279      0)     0.005 (     0      0)
"o_i:docn_initgsmaps"                       -       1408     1408 1.408000e+03   1.980636e-01     0.000 (   941      0)     0.000 (   181      0)
"o_i:docn_initmctdom"                       -       1408     1408 1.408000e+03   6.939128e-02     0.000 (   204      0)     0.000 (  1113      0)
"o_i:docn_initmctavs"                       -       1408     1408 1.408000e+03   1.194255e-01     0.000 (   179      0)     0.000 (   957      0)
"o_i:DOCN_RUN"                              -       1408     1408 1.408000e+03   6.324913e+01     0.046 (  1295      0)     0.024 (     0      0)
"o_i:docn_run1"                             -       1408     1408 1.408000e+03   1.654672e-03     0.000 (  1115      0)     0.000 (  1340      0)
"o_i:docn"                                  -       1408     1408 1.408000e+03   6.324457e+01     0.046 (  1295      0)     0.024 (     0      0)
"o_i:docn_strdata_advance"                  -       1408     1408 1.408000e+03   6.295181e+01     0.045 (  1295      0)     0.024 (     0      0)
"o_i:docn_strd_adv_total"                   -       1408     1408 1.408000e+03   6.294800e+01     0.045 (  1295      0)     0.024 (     0      0)
"o_i:docn_strd_adv_readLBUB"                -       1408     1408 1.408000e+03   5.283110e+01     0.038 (   768      0)     0.018 (     0      0)
"o_i:docn_readLBUB_setup"                   -       1408     1408 1.408000e+03   4.878920e-04     0.000 (   523      0)     0.000 (   415      0)
"o_i:docn_readLBUB_fbound"                  -       1408     1408 1.408000e+03   2.002680e-04     0.000 (    27      0)     0.000 (   829      0)
"o_i:docn_readLBUB_bcast"                   -       1408     1408 1.408000e+03   2.764195e+01     0.020 (   804      0)     0.000 (     0      0)
"o_i:docn_readLBUB_LB_setup"                -       1408     1408 1.408000e+03   5.527700e-04     0.000 (     0      0)     0.000 (   712      0)
"o_i:docn_readLBUB_LB_readpio"              -       1408     1408 1.408000e+03   2.302554e+01     0.016 (    60      0)     0.016 (   642      0)
"o_i:PIO:openfile"                          -       1408     1408 1.408000e+03   1.940448e+01     0.014 (     0      0)     0.013 (   747      0)
"o_i:PIO:pio_inq_varid_file_vdesc"          -       1408     1408 5.632000e+03   6.557557e-02     0.000 (   842      0)     0.000 (     0      0)
"o_i:PIO:pio_inq_varid_file_vid"            -       1408     1408 5.632000e+03   6.357086e-02     0.000 (   842      0)     0.000 (     0      0)
"o_i:PIO:pio_inq_varndims_file_vdesc"       -       1408     1408 2.816000e+03   2.823149e-02     0.000 (  1259      0)     0.000 (   935      0)
"o_i:PIO:pio_inq_varndims_file_vid"         -       1408     1408 2.816000e+03   2.611541e-02     0.000 (  1257      0)     0.000 (  1199      0)
"o_i:PIO:pio_inq_vardimid_file_vdesc"       -       1408     1408 2.816000e+03   1.962426e-01     0.000 (    22      0)     0.000 (   617      0)
"o_i:PIO:pio_inq_vardimid_file_vid"         -       1408     1408 2.816000e+03   1.941204e-01     0.000 (    22      0)     0.000 (   617      0)
"o_i:PIO:pio_inq_dimlen_file_dimid"         -       1408     1408 8.448000e+03   3.985734e-02     0.000 (   544      0)     0.000 (   428      0)
"o_i:PIO:pio_inq_dimlen_file_dimid_offlen"  -       1408     1408 8.448000e+03   3.565686e-02     0.000 (   569      0)     0.000 (   445      0)
"o_i:PIO:pio_inq_vartype_file_vdesc"        -       1408     1408 2.816000e+03   2.492348e-02     0.000 (  1225      0)     0.000 (   550      0)
"o_i:PIO:pio_inq_vartype_file_vid"          -       1408     1408 2.816000e+03   2.262900e-02     0.000 (  1225      0)     0.000 (   550      0)
"o_i:PIO:read_darray_1d_real"               -       1408     1408 2.816000e+03   4.662364e+00     0.003 (     0      0)     0.003 (   897      0)
"o_i:PIO:PIOc_read_darray"                  -       1408     1408 2.816000e+03   4.651867e+00     0.003 (     0      0)     0.003 (   897      0)
"o_i:PIO:read_darray_nc"                    -       1408     1408 2.816000e+03   7.082771e-02     0.003 (     0      0)     0.000 (     8      0)
"o_i:PIO:rearrange_io2comp"                 -       1408     1408 2.816000e+03   4.388120e+00     0.003 (    61      0)     0.000 (  1088      0)
"o_i:docn_readLBUB_UB_setup"                -       1408     1408 1.408000e+03   3.875420e-04     0.000 (     0      0)     0.000 (   463      0)
"o_i:docn_readLBUB_UB_readpio"              -       1408     1408 1.408000e+03   2.122990e+00     0.002 (   641      0)     0.001 (  1137      0)
"o_i:docn_readLBUB_filemgt"                 -       1408     1408 1.408000e+03   2.052170e-04     0.000 (   514      0)     0.000 (    80      0)
"o_i:docn_strd_adv_fill"                    -       1408     1408 1.408000e+03   9.340652e-02     0.000 (   321      0)     0.000 (  1344      0)
"o_i:docn_strd_adv_map"                     -       1408     1408 1.408000e+03   9.999276e+00     0.008 (  1102      0)     0.006 (    53      0)
"o_i:docn_strd_adv_tint"                    -       1408     1408 1.408000e+03   1.163001e-02     0.000 (   639      0)     0.000 (     2      0)
"o_i:docn_scatter"                          -       1408     1408 1.408000e+03   2.559810e-01     0.001 (   605      0)     0.000 (   257      0)
"o_i:docn_datamode"                         -       1408     1408 1.408000e+03   1.365996e-02     0.000 (   539      0)     0.000 (  1322      0)
"o_i:docn_run2"                             -       1408     1408 1.408000e+03   7.858000e-05     0.000 (     0      0)     0.000 (   276      0)
"CPL:comp_init_cc_ice"                      -       1408     1408 1.408000e+03   1.130888e+04     8.032 (   782      0)     8.032 (  1309      0)
"i_i:comp_init"                             -       1408     1408 1.408000e+03   1.130840e+04     8.032 (   771      0)     8.031 (   142      0)
"i_i:mpassi_init"                           -       1408     1408 1.408000e+03   1.025097e+04     7.341 (  1226      0)     7.211 (  1382      0)
"i_i:PIO:openfile"                          -       1408     1408 1.408000e+04   6.220659e+02     0.467 (   576      0)     0.411 (  1289      0)
"i_i:PIO:pio_inquire_file"                  -       1408     1408 1.408000e+04   9.879801e-02     0.000 (  1179      0)     0.000 (  1111      0)
"i_i:PIO:pio_inq_unlimdim_file"             -       1408     1408 1.408000e+04   8.561608e-02     0.000 (   792      0)     0.000 (  1110      0)
"i_i:PIO:pio_inq_dimlen_file_dimid"         -       1408     1408 3.505920e+05   3.266656e+00     0.003 (   127      0)     0.002 (   581      0)
"i_i:PIO:pio_inq_dimlen_file_dimid_offlen"  -       1408     1408 3.505920e+05   3.194962e+00     0.003 (   127      0)     0.002 (   581      0)
"i_i:PIO:pio_inq_dimid_file_dimid"          -       1408     1408 4.787200e+04   7.802622e-01     0.001 (  1165      0)     0.000 (     0      0)
"i_i:PIO:pio_inq_varid_file_vid"            -       1408     1408 2.844160e+05   5.281017e+00     0.005 (   135      0)     0.002 (     0      0)
"i_i:PIO:pio_inq_varid_file_vdesc"          -       1408     1408 1.422080e+05   1.988734e+00     0.002 (  1240      0)     0.001 (   389      0)
"i_i:PIO:pio_inq_vartype_file_vid"          -       1408     1408 1.408000e+05   1.527626e+00     0.001 (   910      0)     0.001 (  1129      0)
"i_i:PIO:pio_inq_varndims_file_vid"         -       1408     1408 1.408000e+05   1.646012e+00     0.001 (   993      0)     0.001 (   283      0)
"i_i:PIO:pio_inq_vardimid_file_vid"         -       1408     1408 1.408000e+05   6.992952e+00     0.005 (    51      0)     0.005 (   959      0)
"i_i:PIO:pio_inq_dimname_file_dimid"        -       1408     1408 2.970880e+05   3.518516e+00     0.003 (   640      0)     0.002 (  1273      0)
"i_i:PIO:initdecomp"                        -       1408     1408 3.660800e+04   1.092490e+02     0.078 (     3      0)     0.077 (  1404      0)
"i_i:PIO:PIOc_initdecomp"                   -       1408     1408 3.660800e+04   1.090380e+02     0.078 (     3      0)     0.077 (  1404      0)
"i_i:PIO:box_rearrange_create"              -       1408     1408 3.660800e+04   1.063704e+02     0.076 (    34      0)     0.075 (   815      0)
"i_i:PIO:pio_swapm"                         -       1408     1408 2.252800e+05   4.765197e+02     0.827 (   367      0)     0.086 (   440      0)
"i_i:PIO:read_darray_1d_int"                -       1408     1408 1.548800e+04   2.202914e+02     0.196 (   640      0)     0.143 (  1388      0)
"i_i:PIO:PIOc_read_darray"                  -       1408     1408 1.154560e+05   4.696582e+03     3.337 (  1149      0)     3.334 (     1      0)
"i_i:PIO:read_darray_nc"                    -       1408     1408 1.154560e+05   4.021008e+03     3.213 (   766      0)     2.514 (   640      0)
"i_i:PIO:rearrange_io2comp"                 -       1408     1408 1.154560e+05   3.971528e+02     0.771 (   367      0)     0.039 (   440      0)
"i_i:PIO:read_darray_2d_int"                -       1408     1408 1.971200e+04   9.203155e+02     0.682 (  1344      0)     0.538 (   450      0)
"i_i:PIO:pio_inq_att_file_vid_offlen"       -       1408     1408 7.040000e+03   1.051411e+00     0.003 (  1406      0)     0.000 (   634      0)
"i_i:PIO:get_att_file_vid_0d_text"          -       1408     1408 5.632000e+03   9.583233e-02     0.000 (   789      0)     0.000 (   317      0)
"i_i:PIO:PIOc_get_att_tc"                   -       1408     1408 7.040000e+03   5.862448e-01     0.001 (   389      0)     0.000 (   317      0)
"i_i:PIO:get_att_file_vid_0d_double"        -       1408     1408 1.408000e+03   5.078377e-01     0.001 (   401      0)     0.000 (  1115      0)
"i_i:PIO:closefile"                         -       1408     1408 8.448000e+03   7.910784e+00     0.008 (  1152      0)     0.002 (   797      0)
"i_i:PIO:PIOc_closefile"                    -       1408     1408 8.448000e+03   7.885892e+00     0.008 (  1152      0)     0.002 (   772      0)
"i_i:PIO:get_vara_1d_text"                  -       1408     1408 4.224000e+03   2.893106e+01     0.021 (  1390      0)     0.020 (   340      0)
"i_i:PIO:PIOc_get_vars_tc"                  -       1408     1408 2.675200e+04   4.508179e+01     0.032 (    96      0)     0.031 (  1026      0)
"i_i:PIO:read_darray_1d_double"             -       1408     1408 4.928000e+04   5.265273e+02     0.517 (   630      0)     0.339 (  1401      0)
"i_i:PIO:read_darray_2d_double"             -       1408     1408 8.448000e+03   3.273054e+02     0.250 (  1401      0)     0.166 (   441      0)
"i_i:PIO:read_darray_3d_double"             -       1408     1408 2.252800e+04   2.702320e+03     1.922 (  1401      0)     1.919 (     0      0)
"i_i:analysis_bootstrap"                    -       1408     1408 1.408000e+03   8.327718e-02     0.000 (   496      0)     0.000 (   785      0)
"i_i:init_read_miscellaneous"               -       1408     1408 1.408000e+03   1.799373e-02     0.000 (   496      0)     0.000 (   740      0)
"i_i:init_read_areaVariables"               -       1408     1408 1.408000e+03   9.153127e-03     0.000 (  1180      0)     0.000 (    60      0)
"i_i:init_read_pondDiagnostics"             -       1408     1408 1.408000e+03   8.919480e-03     0.000 (   938      0)     0.000 (    60      0)
"i_i:init_read_unitConversion"              -       1408     1408 1.408000e+03   2.505866e-03     0.000 (    77      0)     0.000 (  1107      0)
"i_i:init_read_icePresent"                  -       1408     1408 1.408000e+03   8.767088e-03     0.000 (   915      0)     0.000 (    60      0)
"i_i:PIO:get_vara_2d_double"                -       1408     1408 1.689600e+04   1.208708e+01     0.009 (    62      0)     0.008 (  1025      0)
"i_i:PIO:get_vara_3d_double"                -       1408     1408 5.632000e+03   6.378183e+00     0.005 (  1096      0)     0.004 (  1283      0)
"i_i:analysis_init"                         -       1408     1408 1.408000e+03   1.448206e+03     1.071 (   768      0)     1.007 (   930      0)
"i_i:init_miscellaneous"                    -       1408     1408 1.408000e+03   2.525103e-01     0.000 (   256      0)     0.000 (   805      0)
"i_i:init_areaVariables"                    -       1408     1408 1.408000e+03   9.407361e+02     0.694 (   768      0)     0.654 (   930      0)
"i_i:init_pondDiagnostics"                  -       1408     1408 1.408000e+03   5.067114e+02     0.376 (   768      0)     0.352 (  1145      0)
"i_i:init_unitConversion"                   -       1408     1408 1.408000e+03   2.338085e-01     0.000 (  1253      0)     0.000 (   795      0)
"i_i:init_icePresent"                       -       1408     1408 1.408000e+03   2.249305e-01     0.000 (    36      0)     0.000 (   244      0)
"i_i:seaice_init"                           -       1408     1408 1.408000e+03   8.059859e+02     0.647 (  1210      0)     0.511 (   774      0)
"i_i:Velocity solver init"                  -       1408     1408 1.408000e+03   7.207838e+02     0.598 (  1210      0)     0.393 (   720      0)
"i_i:variational calc_metric_terms"         -       1408     1408 1.408000e+03   3.305483e-01     0.002 (   628      0)     0.000 (  1149      0)
"i_i:variational vertices_at_vertex"        -       1408     1408 1.408000e+03   9.571844e-02     0.000 (   920      0)     0.000 (   720      0)
"i_i:Velocity solver Wachpress init"        -       1408     1408 1.408000e+03   6.972075e+02     0.581 (  1210      0)     0.381 (  1149      0)
"i_i:variational calc_local_coords"         -       1408     1408 1.408000e+03   1.310412e-01     0.001 (   583      0)     0.000 (  1022      0)
"i_i:wachpress calc_coefficients"           -       1408     1408 1.408000e+03   2.202697e-01     0.000 (   223      0)     0.000 (   162      0)
"i_i:wachpress calc_derivatives"            -       1408     1408 1.408000e+03   1.141183e+01     0.011 (   298      0)     0.006 (  1146      0)
"i_i:wachpress integrate"                   -       1408     1408 1.408000e+03   6.854216e+02     0.573 (  1210      0)     0.374 (  1149      0)
"i_i:variational denominator"               -       1408     1408 1.408000e+03   4.681855e-03     0.000 (   161      0)     0.000 (   848      0)
"i_i:mpassi_mct_init"                       -       1408     1408 1.408000e+03   9.461186e+01     0.137 (  1382      0)     0.007 (  1211      0)
"i_i:analysis_compute_startup"              -       1408     1408 1.408000e+03   4.151346e-01     0.000 (  1381      0)     0.000 (   120      0)
"i_i:compute_startup_miscellaneous"         -       1408     1408 1.408000e+03   2.496070e-01     0.000 (  1381      0)     0.000 (   124      0)
"i_i:compute_startup_areaVariables"         -       1408     1408 1.408000e+03   5.407424e-02     0.000 (  1215      0)     0.000 (  1369      0)
"i_i:compute_startup_pondDiagnostics"       -       1408     1408 1.408000e+03   6.475587e-02     0.000 (   725      0)     0.000 (   684      0)
"CPL:comp_init_cc_glc"                      -       1408     1408 1.408000e+03   1.095850e+00     0.001 (   724      0)     0.000 (   790      0)
"g_i:comp_init"                             -       1408     1408 1.408000e+03   2.892367e-01     0.000 (   707      0)     0.000 (  1275      0)
"CPL:comp_init_cc_wav"                      -       1408     1408 1.408000e+03   3.563509e-01     0.000 (  1058      0)     0.000 (   707      0)
"w_i:comp_init"                             -       1408     1408 1.408000e+03   2.515893e-03     0.000 (    57      0)     0.000 (   805      0)
"CPL:comp_init_cc_esp"                      -       1408     1408 1.408000e+03   2.850517e-01     0.000 (   523      0)     0.000 (   606      0)
"e_i:comp_init"                             -       1408     1408 1.408000e+03   2.916490e-03     0.000 (   910      0)     0.000 (   657      0)
"CPL:comp_init_cc_iac"                      -       1408     1408 1.408000e+03   2.332044e-01     0.000 (   122      0)     0.000 (   522      0)
"z_i:comp_init"                             -       1408     1408 1.408000e+03   1.428653e-03     0.000 (   614      0)     0.000 (   453      0)
"CPL:comp_init_cx_all"                      -       1408     1408 1.408000e+03   6.329819e+02     0.450 (  1306      0)     0.449 (  1401      0)
"CPL:comp_list_all"                         -       1408     1408 1.408000e+03   1.426197e-01     0.000 (   865      0)     0.000 (  1085      0)
"CPL:init_maps"                             -       1408     1408 1.408000e+03   3.733066e+03     2.663 (     0      0)     2.650 (   721      0)
"CPL:init_aream"                            -       1408     1408 1.408000e+03   2.393082e+02     0.171 (   307      0)     0.155 (     0      0)
"CPL:seq_map_readdata-ocn2atm"              -       1408     1408 1.408000e+03   1.432696e+02     0.103 (   721      0)     0.086 (     0      0)
"PIO:pio_inq_dimid_file_dimid"              -       1408     1408 4.224000e+03   1.100866e+00     0.001 (   707      0)     0.000 (     0      0)
"PIO:pio_inq_dimlen_file_dimid"             -       1408     1408 4.083200e+04   3.081513e-01     0.000 (  1161      0)     0.000 (   380      0)
"PIO:pio_inq_dimlen_file_dimid_offlen"      -       1408     1408 4.083200e+04   2.908188e-01     0.000 (  1161      0)     0.000 (   380      0)
"PIO:initdecomp"                            -       1408     1408 2.252800e+04   5.983677e+01     0.043 (     0      0)     0.042 (   548      0)
"PIO:PIOc_initdecomp"                       -       1408     1408 2.252800e+04   5.977840e+01     0.043 (     0      0)     0.042 (  1021      0)
"PIO:box_rearrange_create"                  -       1408     1408 2.252800e+04   5.903354e+01     0.042 (    38      0)     0.042 (   575      0)
"PIO:pio_swapm"                             -       1408     1408 4.505600e+05   8.392448e+01     0.072 (  1343      0)     0.049 (   449      0)
"PIO:read_darray_1d_double"                 -       1408     1408 3.829760e+05   1.210511e+03     0.873 (     0      0)     0.852 (   705      0)
"PIO:PIOc_read_darray"                      -       1408     1408 3.829760e+05   1.210075e+03     0.871 (     0      0)     0.851 (   705      0)
"PIO:read_darray_nc"                        -       1408     1408 3.829760e+05   1.135869e+03     0.815 (     0      0)     0.806 (  1349      0)
"PIO:rearrange_io2comp"                     -       1408     1408 3.829760e+05   3.109823e+01     0.033 (    63      0)     0.014 (   705      0)
"PIO:freedecomp"                            -       1408     1408 2.252800e+04   2.379600e-01     0.001 (     0      0)     0.000 (   453      0)
"PIO:PIOc_sync"                             -       1408     1408 2.252800e+04   1.961174e-02     0.000 (    79      0)     0.000 (    73      0)
"PIO:PIOc_freedecomp"                       -       1408     1408 2.252800e+04   9.001847e-02     0.001 (     0      0)     0.000 (    85      0)
"CPL:seq_map_readdata-atm2lnd"              -       1408     1408 1.408000e+03   9.536017e+01     0.068 (    64      0)     0.067 (    24      0)
"CPL:init_domain_check"                     -       1408     1408 1.408000e+03   5.296109e+01     0.039 (   478      0)     0.037 (     0      0)
"CPL:init_areacor"                          -       1408     1408 1.408000e+03   4.806007e+01     0.034 (    40      0)     0.034 (   448      0)
"CPL:init_fracs"                            -       1408     1408 1.408000e+03   2.823587e+01     0.020 (   868      0)     0.020 (   204      0)
"CPL:init_aoflux"                           -       1408     1408 1.408000e+03   4.708181e-01     0.001 (   721      0)     0.000 (   502      0)
"CPL:init_atminit"                          -       1408     1408 8.448000e+03   6.483675e+00     0.007 (     0      0)     0.004 (  1315      0)
"CPL:comp_init_cc_atm2"                     -       1408     1408 1.408000e+03   7.628404e+03     5.484 (  1307      0)     5.396 (     0      0)
"a_i:atm_read_srfrest_mct"                  -       1408     1408 1.408000e+03   2.290416e+02     0.164 (   640      0)     0.162 (    32      0)
"a_i:PIO:PIOc_sync"                         -       1408     1408 1.408000e+03   1.353057e-03     0.000 (   319      0)     0.000 (   683      0)
"a_i:cam_run1"                              -       1408     1408 1.408000e+03   7.253331e+03     5.318 (   765      0)     5.118 (   601      0)
"a_i:stepon_run1"                           -       1408     1408 1.408000e+03   2.820953e+02     0.246 (   766      0)     0.193 (   325      0)
"a_i:d_p_coupling"                          -       1408     1408 1.408000e+03   2.768962e+02     0.246 (   766      0)     0.141 (    56      0)
"a_i:dyn_to_fv_phys"                        -       1408     1408 1.408000e+03   4.173847e+00     0.005 (   346      0)     0.002 (  1231      0)
"a_i:dpcopy"                                -       1408     1408 1.408000e+03   1.714755e+02     0.156 (   384      0)     0.042 (    33      0)
"a_i:block_to_chunk"                        -       1408     1408 1.408000e+03   1.703065e+02     0.155 (   384      0)     0.041 (    33      0)
"a_i:derived_phys"                          -       1408     1408 1.408000e+03   5.464047e+00     0.051 (   757      0)     0.000 (   446      0)
"a_i:phys_run1"                             -       1408     1408 1.408000e+03   6.971229e+03     5.074 (     1      0)     4.921 (   601      0)
"a_i:physpkg_st1"                           -       1408     1408 1.408000e+03   6.634774e+03     4.719 (   412      0)     4.667 (   711      0)
"a_i:chk_en_gmean"                          -       1408     1408 1.408000e+03   6.386565e+01     0.053 (   412      0)     0.000 (   754      0)
"a_i:gmean_fixed_repro"                     -       1408     1408 1.408000e+03   6.384912e+01     0.053 (   412      0)     0.000 (   754      0)
"a_i:phys_timestep_init"                    -       1408     1408 1.408000e+03   6.570277e+03     4.669 (     0      0)     4.664 (    23      0)
"a_i:chem_timestep_init"                    -       1408     1408 1.408000e+03   2.651006e+03     1.894 (     0      0)     1.882 (    33      0)
"a_i:advance_trcdata"                       -       1408     1408 5.068800e+04   6.073625e+03     4.314 (   262      0)     4.313 (    29      0)
"a_i:read_next_trcdata"                     -       1408     1408 5.068800e+04   6.068292e+03     4.311 (  1025      0)     4.283 (     0      0)
"a_i:interpolate_trcdata"                   -       1408     1408 5.068800e+04   5.195756e+00     0.006 (  1238      0)     0.003 (   899      0)
"a_i:prescribed_volcaero_adv"               -       1408     1408 1.408000e+03   2.083008e-02     0.000 (   617      0)     0.000 (   572      0)
"a_i:advance_ocean_data"                    -       1408     1408 1.408000e+03   3.052305e+03     2.169 (     5      0)     2.167 (   398      0)
"a_i:read_nudging_data"                     -       1408     1408 1.413000e+03   1.198019e-01     0.120 (     0      0)     0.000 (    15      0)
"a_i:distribute_data"                       -       1408     1408 5.632000e+03   4.579390e+02     0.327 (  1407      0)     0.116 (     0      0)
"a_i:nudging_interp"                        -       1408     1408 1.408000e+03   3.056491e-02     0.000 (  1260      0)     0.000 (   279      0)
"a_i:bc_physics"                            -       1408     1408 1.408000e+03   3.364462e+02     0.406 (   765      0)     0.206 (   601      0)
"a_i:diag_physvar_ic"                       -       1408     1408 1.408000e+03   5.471035e-02     0.000 (   208      0)     0.000 (   593      0)
"a_i:cnd_diag_checkpoint"                   -       1408     1408 7.321600e+04   9.188562e-02     0.000 (     7      0)     0.000 (   438      0)
"a_i:bc_init"                               -       1408     1408 1.408000e+03   2.319453e+00     0.002 (   424      0)     0.001 (     0      0)
"a_i:energy_fixer"                          -       1408     1408 1.408000e+03   8.411840e-01     0.001 (    35      0)     0.000 (    98      0)
"a_i:physics_update_main"                   -       1408     1408 5.068800e+04   4.428459e+00     0.005 (     1      0)     0.003 (   435      0)
"a_i:dry_adjustment"                        -       1408     1408 1.408000e+03   3.463689e-01     0.001 (   122      0)     0.000 (   749      0)
"a_i:moist_convection"                      -       1408     1408 1.408000e+03   1.371735e+01     0.013 (     1      0)     0.007 (  1181      0)
"a_i:convect_deep_tend"                     -       1408     1408 1.408000e+03   1.182480e+01     0.011 (     1      0)     0.005 (   605      0)
"a_i:zm_conv_tend"                          -       1408     1408 1.408000e+03   1.177190e+01     0.011 (     1      0)     0.005 (   605      0)
"a_i:zm_convr"                              -       1408     1408 1.408000e+03   9.598480e+00     0.009 (   614      0)     0.004 (   605      0)
"a_i:physics_ptend_sum"                     -       1408     1408 3.238400e+04   1.383482e+00     0.002 (   444      0)     0.001 (  1087      0)
"a_i:zm_conv_evap"                          -       1408     1408 1.408000e+03   9.693162e-02     0.000 (   213      0)     0.000 (   722      0)
"a_i:momtran"                               -       1408     1408 1.408000e+03   7.862956e-02     0.000 (   240      0)     0.000 (   604      0)
"a_i:convtran1"                             -       1408     1408 1.408000e+03   9.253593e-02     0.000 (  1106      0)     0.000 (   951      0)
"a_i:convect_shallow_tend"                  -       1408     1408 1.408000e+03   9.714019e-01     0.001 (   828      0)     0.001 (   407      0)
"a_i:macrop_tend"                           -       1408     1408 8.448000e+03   6.631414e+01     0.149 (   765      0)     0.034 (  1129      0)
"a_i:clubb_tend_cam_init"                   -       1408     1408 8.448000e+03   2.642832e+00     0.003 (     0      0)     0.002 (  1352      0)
"a_i:adv_clubb_core_col_loop"               -       1408     1408 8.448000e+03   5.387326e+01     0.137 (   765      0)     0.026 (  1129      0)
"a_i:adv_clubb_core_ts_loop"                -       1408     1408 1.296000e+05   4.558875e+01     0.129 (   765      0)     0.021 (  1129      0)
"a_i:advance_clubb_core"                    -       1408     1408 1.296000e+05   4.549367e+01     0.128 (   765      0)     0.020 (  1129      0)
"a_i:clubb_tend_cam_diag"                   -       1408     1408 8.448000e+03   4.337396e+00     0.004 (     1      0)     0.003 (  1075      0)
"a_i:ice_cloud_detrain_diag"                -       1408     1408 8.448000e+03   2.457490e-01     0.000 (   972      0)     0.000 (   920      0)
"a_i:ice_cloud_frac_diag"                   -       1408     1408 8.448000e+03   1.952789e+00     0.002 (     1      0)     0.001 (   315      0)
"a_i:pbl_depth_diag"                        -       1408     1408 8.448000e+03   1.305158e-01     0.000 (   124      0)     0.000 (   232      0)
"a_i:physics_ptend_scale"                   -       1408     1408 1.689600e+04   3.701661e-01     0.000 (   328      0)     0.000 (  1123      0)
"a_i:microp_aero_run"                       -       1408     1408 8.448000e+03   5.814674e+01     0.060 (     1      0)     0.038 (   315      0)
"a_i:microp_aero_run_init"                  -       1408     1408 8.448000e+03   1.267398e+00     0.001 (     1      0)     0.001 (   354      0)
"a_i:subgrid_mean_updraft"                  -       1408     1408 8.448000e+03   6.153396e+00     0.007 (     1      0)     0.004 (  1066      0)
"a_i:nucleate_ice_cam_calc"                 -       1408     1408 8.448000e+03   2.289357e+00     0.002 (     1      0)     0.001 (   300      0)
"a_i:dropmixnuc"                            -       1408     1408 8.448000e+03   3.343804e+01     0.035 (     1      0)     0.021 (   621      0)
"a_i:hetfrz_classnuc_cam_calc"              -       1408     1408 8.448000e+03   1.478359e+01     0.015 (   765      0)     0.009 (  1129      0)
"a_i:microp_tend"                           -       1408     1408 8.448000e+03   5.794833e+01     0.059 (  1254      0)     0.026 (  1193      0)
"a_i:microp_p3_tend"                        -       1408     1408 8.448000e+03   5.517155e+01     0.057 (   978      0)     0.024 (  1193      0)
"a_i:micro_p3_tend_init"                    -       1408     1408 8.448000e+03   9.700836e-01     0.001 (     0      0)     0.001 (   563      0)
"a_i:micro_p3_get_cloud_fraction"           -       1408     1408 8.448000e+03   7.277569e-02     0.000 (  1124      0)     0.000 (    95      0)
"a_i:micro_p3_tend_loop"                    -       1408     1408 8.448000e+03   5.284044e+01     0.055 (   978      0)     0.022 (  1193      0)
"a_i:micro_p3_tend_finish"                  -       1408     1408 8.448000e+03   1.158771e+00     0.001 (     1      0)     0.001 (   147      0)
"a_i:tphysbc_aerosols"                      -       1408     1408 1.408000e+03   2.006193e+01     0.019 (   519      0)     0.012 (    88      0)
"a_i:calcsize"                              -       1408     1408 1.408000e+03   1.727934e+00     0.002 (  1255      0)     0.001 (   959      0)
"a_i:wateruptake"                           -       1408     1408 1.408000e+03   7.608372e+00     0.008 (   765      0)     0.005 (   944      0)
"a_i:ma_convproc"                           -       1408     1408 1.408000e+03   2.305490e+00     0.003 (  1358      0)     0.001 (    88      0)
"a_i:convtran2"                             -       1408     1408 1.408000e+03   5.310743e-01     0.001 (   614      0)     0.000 (   951      0)
"a_i:bc_history_write"                      -       1408     1408 1.408000e+03   1.061055e+00     0.001 (   175      0)     0.001 (   951      0)
"a_i:bc_cld_diag_history_write"             -       1408     1408 1.408000e+03   2.251684e-01     0.000 (  1273      0)     0.000 (   804      0)
"a_i:radiation"                             -       1408     1408 1.408000e+03   1.132515e+02     0.118 (     1      0)     0.072 (  1384      0)
"a_i:radiation_tend_init"                   -       1408     1408 1.408000e+03   1.009751e-01     0.000 (   950      0)     0.000 (   178      0)
"a_i:cldoptics"                             -       1408     1408 1.408000e+03   1.403760e+00     0.002 (  1149      0)     0.001 (   524      0)
"a_i:rad_sw"                                -       1408     1408 1.408000e+03   6.682853e+01     0.073 (   397      0)     0.040 (   296      0)
"a_i:rad_sw_loop"                           -       1408     1408 1.408000e+03   6.674078e+01     0.073 (   397      0)     0.040 (   296      0)
"a_i:rad_rrtmg_sw"                          -       1408     1408 2.816000e+03   3.421067e+01     0.040 (   397      0)     0.017 (   296      0)
"a_i:mcica_subcol_sw"                       -       1408     1408 2.816000e+03   3.885494e+00     0.005 (     1      0)     0.002 (     0      0)
"a_i:rrtmg_sw"                              -       1408     1408 2.816000e+03   2.957075e+01     0.035 (   397      0)     0.015 (  1395      0)
"a_i:rad_lw"                                -       1408     1408 1.408000e+03   4.435227e+01     0.044 (   892      0)     0.030 (  1136      0)
"a_i:rad_lw_loop"                           -       1408     1408 1.408000e+03   4.435064e+01     0.044 (   892      0)     0.030 (  1136      0)
"a_i:rad_rrtmg_lw"                          -       1408     1408 2.816000e+03   2.316113e+01     0.023 (   892      0)     0.015 (  1136      0)
"a_i:mcica_subcol_lw"                       -       1408     1408 2.816000e+03   4.816584e+00     0.005 (   892      0)     0.003 (   681      0)
"a_i:rrtmg_lw"                              -       1408     1408 2.816000e+03   1.832996e+01     0.018 (   892      0)     0.012 (  1136      0)
"a_i:radheat_tend"                          -       1408     1408 1.408000e+03   1.346836e-02     0.000 (   996      0)     0.000 (   937      0)
"a_i:heating_rate"                          -       1408     1408 1.408000e+03   3.381636e-02     0.000 (  1157      0)     0.000 (  1121      0)
"a_i:tropopause"                            -       1408     1408 1.408000e+03   4.657451e-01     0.000 (  1049      0)     0.000 (   575      0)
"a_i:cam_export"                            -       1408     1408 1.408000e+03   3.792020e-02     0.000 (  1091      0)     0.000 (  1124      0)
"a_i:diag_export"                           -       1408     1408 1.408000e+03   1.577659e-02     0.000 (  1400      0)     0.000 (   738      0)
"CPL:init_readrestart"                      -       1408     1408 1.408000e+03   1.789728e+03     1.292 (  1152      0)     1.205 (  1296      0)
"CPL:seq_rest_read-init"                    -       1408     1408 1.408000e+03   1.789476e+03     1.292 (  1152      0)     1.205 (  1311      0)
"PIO:pio_inq_varndims_file_vdesc"           -       1408     1408 1.830400e+04   3.024940e-01     0.000 (   521      0)     0.000 (  1153      0)
"PIO:pio_inq_varndims_file_vid"             -       1408     1408 1.830400e+04   2.978776e-01     0.000 (   517      0)     0.000 (  1153      0)
"PIO:pio_inq_vardimid_file_vdesc"           -       1408     1408 1.830400e+04   2.092156e+00     0.002 (   372      0)     0.001 (  1099      0)
"PIO:pio_inq_vardimid_file_vid"             -       1408     1408 1.830400e+04   2.086550e+00     0.002 (   350      0)     0.001 (  1099      0)
"CPL:init_rof2lnd"                          -       1408     1408 1.408000e+03   3.252720e-01     0.000 (  1112      0)     0.000 (     0      0)
"CPL:cime_run_init"                         -       1408     1408 1.408000e+03   3.586681e-01     0.005 (     0      0)     0.000 (    78      0)
"CPL:INIT_sync1_tprf"                       -       1408     1408 1.408000e+03   6.463732e+00     0.005 (  1283      0)     0.000 (     0      0)
"CPL:INIT_t_prf"                            y          0        0 0.000000e+00   0.000000e+00     0.000 (     0      0)     0.000 (     0      0)

